360950.688405433	4065819.88165149
360950.69682115293	4065819.581777824
360950.70007010695	4065819.281805404
360950.69928891165	4065818.981774898
360950.6960922506	4065818.6817372353
360950.6920068625	4065818.381723308
360950.6884245748	4065818.0817332654
360950.6867257727	4065817.7817646475
360950.6882566018	4065817.4818149144
360950.69315466756	4065817.1818786114
360950.70005504397	4065816.8819466643
360950.707498893	4065816.582009769
360950.7140392342	4065816.2820587177
360950.71888135286	4065815.9820894487
360950.7222088976	4065815.6821056153
360950.72428597417	4065815.382111508
360950.7253766886	4065815.0821114155
360950.7257588361	4065814.7821093644
360950.72581304354	4065814.4821073986
360950.7259666841	4065814.182106661
360950.7266473661	4065813.882108292
360950.7282826977	4065813.582113429
360950.73114225024	4065813.282122828
360950.73467180657	4065812.9821352526
360950.73804959696	4065812.6821488133
360950.7404537105	4065812.382161624
360950.7410632191	4065812.08217181
360950.73934414313	4065811.7821811205
360950.7354464175	4065811.4821999436
360950.7296196893	4065811.182239927
360950.7221136057	4065810.8823127174
360950.71320149483	4065810.5824284647
360950.7034752112	4065810.28257716
360950.6937546958	4065809.9827343593
360950.6848648483	4065809.682875307
360950.67760223156	4065809.3829760477
360950.6720623323	4065809.0830324474
360950.66761100397	4065808.7830610014
360950.66358004895	4065808.483079169
360950.65932963294	4065808.183103628
360950.6546421595	4065807.883139478
360950.649623975	4065807.583182928
360950.6443896954	4065807.2832299625
360950.6390808926	4065806.983276677
360950.63395474857	4065806.683319655
360950.6292994325	4065806.3833556073
360950.6253981662	4065806.083381329
360950.62236857973	4065805.783396341
360950.6201275075	4065805.4834034713
360950.6185797127	4065805.183405747
360950.6176398642	4065804.8834059807
360950.6172874081	4065804.5834055636
360950.6175278255	4065804.2834053203
360950.6183666419	4065803.983406074
360950.61979532364	4065803.6834087125
360950.62176809704	4065803.3834143076
360950.6242330934	4065803.0834239568
360950.62713853805	4065802.7834387473
360950.63044044684	4065802.4834588054
360950.6341083247	4065802.183482595
360950.6381130194	4065801.8835084126
360950.64242514584	4065801.5835345574
360950.6469078514	4065801.2835596544
360950.65114651684	4065800.9835831802
360950.6546822445	4065800.6836047457
360950.65705613693	4065800.38362396
360950.6579528337	4065800.0836397912
360950.6576906549	4065799.7836483684
360950.65676273406	4065799.483645037
360950.6556622108	4065799.183625141
360950.6552595781	4065798.883594289
360950.657893181	4065798.583598003
360950.6662582226	4065798.2836915115
360950.68304975075	4065797.983930145
360950.7106524921	4065797.684577681
360950.7504906698	4065797.3865430783
360950.8038032403	4065797.090859739
360950.87182915985	4065796.798561068
360950.95554467966	4065796.5105809676
360951.0542213301	4065796.2272076737
360951.166450319	4065795.948471749
360951.2908210807	4065795.6744030863
360951.42592652113	4065795.4050338245
360951.571157234	4065795.1409132634
360951.727714866	4065794.8837648383
360951.8970510372	4065794.635474051
360952.08061736816	4065794.397926401
360952.27982817707	4065794.172997298
360952.49486409687	4065793.962228421
360952.72441821214	4065793.766759046
360952.9670949743	4065793.58770447
360953.22149883467	4065793.426179993
360953.4862285964	4065793.283168593
360953.7598286084	4065793.1583775976
360954.0408127678	4065793.0508009726
360954.3276946387	4065792.959424874
360954.61898779107	4065792.883235461
360954.9133634735	4065792.8213099535
360955.21006018517	4065792.773053156
360955.5084439402	4065792.7379435175
360955.80788075284	4065792.7154594827
360956.1077443882	4065792.7050398337
360956.4076749425	4065792.704760495
360956.70763949974	4065792.7110241367
360957.00762518676	4065792.720130866
360957.3076191307	4065792.72838079
360957.60760977847	4065792.732459063
360957.90759616165	4065792.7321384465
360958.20758240065	4065792.728676232
360958.5075726484	4065792.7233391656
360958.80757104745	4065792.7173936167
360959.1075777955	4065792.7119653975
360959.40758323896	4065792.7078292836
360959.7075762118	4065792.7057061577
360960.0075455479	4065792.7063169004
360960.3074811671	4065792.710298803
360960.6073871977	4065792.7171956357
360960.9072777466	4065792.7257831767
360961.20716712764	4065792.73482128
360961.507069619	4065792.7430731114
360961.80699390714	4065792.7498249128
360962.10693703353	4065792.7554521784
360962.4068945854	4065792.7604664355
360962.7068621499	4065792.76537921
360963.0068358983	4065792.7704540524
360963.30681417417	4065792.7750325557
360963.6067958253	4065792.778242092
360963.9067796998	4065792.779210144
360964.20676551445	4065792.7775897235
360964.5067558615	4065792.7747739167
360964.80675392767	4065792.77251547
360965.1067627537	4065792.7725389632
360965.40677712846	4065792.7749763606
360965.70677933225	4065792.77754542
360966.00675060146	4065792.7777624507
360966.3066760543	4065792.7735892166
360966.6065626283	4065792.7654913175
360966.90642487846	4065792.7548085186
360967.2062776807	4065792.7429521037
360967.5061398887	4065792.7322317506
360967.80603309633	4065792.725575842
360968.1059769255	4065792.7256036405
360968.4059613115	4065792.7302250722
360968.7059536512	4065792.733774677
360969.00592661975	4065792.731713408
360969.3058821858	4065792.7255988126
360969.6058315413	4065792.718851606
360969.90578759735	4065792.7136188066
360970.20576505706	4065792.7106064823
360970.5057656672	4065792.7101381207
360970.8057678447	4065792.711990734
360971.105755599	4065792.7155081113
360971.40573626425	4065792.718937313
360971.7057213138	4065792.7203455977
360972.00571613107	4065792.7191657163
360972.30571598234	4065792.7170991017
360972.60571518686	4065792.716058325
360972.9057102488	4065792.717149565
360973.20570281084	4065792.71958229
360973.50569525413	4065792.7222934985
360973.8056895499	4065792.724401377
360974.1056856801	4065792.7259044517
360974.4056830232	4065792.727068228
360974.70568096417	4065792.7281533424
360975.0056790882	4065792.729276248
360975.305677207	4065792.730389669
360975.6056751452	4065792.7314374764
360975.9056727689	4065792.7323778053
360976.2056703374	4065792.733301973
360976.5056683243	4065792.7343738866
360976.80566720513	4065792.7357581863
360977.1056671232	4065792.7374823797
360977.4056669207	4065792.7390369154
360977.7056651212	4065792.7397807874
360978.0056602542	4065792.739075371
360978.30565218057	4065792.736817121
360978.60564376734	4065792.734111106
360978.90563829476	4065792.732228247
360979.20563889877	4065792.7324013365
360979.50564357446	4065792.7345003397
360979.80564388796	4065792.736690993
360980.105631	4065792.737031553
360980.4055983367	4065792.73397871
360980.70555401966	4065792.7285735537
360981.0055120326	4065792.7228881633
360981.30548555666	4065792.7188782
360981.60547670367	4065792.716887817
360981.90547962725	4065792.716102493
360982.2054883007	4065792.7156834938
360982.5054961323	4065792.7149243727
360982.80549546686	4065792.713367621
360983.1054785316	4065792.7105832435
360983.4054384087	4065792.706190027
360983.70538264234	4065792.7006319417
360984.00533083075	4065792.695040747
360984.3053029406	4065792.6905692187
360984.6053173896	4065792.688296043
360984.9053602274	4065792.687751685
360985.205386848	4065792.68700029
360985.5053514392	4065792.6840483113
360985.8052087891	4065792.6769263134
360986.10495255067	4065792.665226065
360986.4046383177	4065792.6510275034
360986.7043272161	4065792.636632786
360987.0040802672	4065792.624340044
360987.3039307637	4065792.615378472
360987.6038471455	4065792.6084772046
360987.90378859517	4065792.602008503
360988.2037143255	4065792.594346266
360988.5036016815	4065792.584844824
360988.80347679014	4065792.5754962103
360989.1033738988	4065792.568731513
360989.40332404757	4065792.5667592683
360989.703318761	4065792.5690455968
360990.00332296616	4065792.5732106916
360990.3033040615	4065792.576940614
360990.60327160935	4065792.5793460025
360990.90326652076	4065792.58059667
360991.20332963555	4065792.5808857535
360991.50344244856	4065792.5802721465
360991.8034879425	4065792.578591907
360992.10333981446	4065792.5756600886
360992.40292166115	4065792.571379106
360992.7024983593	4065792.566248862
360993.00247761037	4065792.5610193056
360993.3032672917	4065792.5564410454
360993.60489918006	4065792.5530354143
360993.9062970663	4065792.550648307
360994.2061817182	4065792.5490018516
360994.5032739036	4065792.5478181774
360994.79705212585	4065792.5468728323
360995.090365999	4065792.5461790203
360995.38700228994	4065792.545816013
360995.69074780314	4065792.5458630864
360996.00538506504	4065792.546399514
360996.33045515936	4065792.5475057745
360996.65330527886	4065792.5492658
360996.9591047119	4065792.5517641413
360997.23302274675	4065792.5550853475
360997.461839012	4065792.5592907607
360997.6701786541	4065792.563896292
360997.9209665737	4065792.567865879
360998.27882886253	4065792.570138939
360998.8027131604	4065792.569717902
360999.25997049635	4065792.5688408595
360999.293355979	4065792.570235071
360999.6089150925	4065792.570363482
360999.8601785089	4065792.572875186
361000.149971333	4065792.5720159095
361000.4634673371	4065792.571248741
361000.77170652023	4065792.574707447
361001.06972788303	4065792.5803786265
361001.36603348766	4065792.582852804
361001.66511544655	4065792.5798780164
361001.96594894724	4065792.5734382393
361002.2671295763	4065792.565808849
361002.56762187387	4065792.5588605125
361002.86752638454	4065792.553217816
361003.16716158605	4065792.5492662946
361003.4668451658	4065792.547391562
361003.7667595202	4065792.547992852
361004.06679968286	4065792.551498331
361004.366823956	4065792.5583398626
361004.66669675475	4065792.568886901
361004.96640824433	4065792.5822250145
361005.26606660965	4065792.5962348115
361005.56578243	4065792.608790042
361005.86560312647	4065792.618921117
361006.1655045893	4065792.626968446
361006.4654588555	4065792.633342999
361006.76543797215	4065792.638455718
361007.0654201887	4065792.6427002796
361007.36540057	4065792.646423555
361007.66537700285	4065792.649964559
361007.96534737415	4065792.6536623067
361008.26530957094	4065792.657855792
361008.5652619261	4065792.6628030716
361008.86520422663	4065792.668498153
361009.16513655585	4065792.674881283
361009.46505899704	4065792.6818927103
361009.7649716334	4065792.689472683
361010.0648745599	4065792.6975608747
361010.3647696378	4065792.706010784
361010.66466236435	4065792.714498498
361010.9645586849	4065792.7226782446
361011.26446454466	4065792.7302042535
361011.5643858889	4065792.7367307534
361011.864328663	4065792.7419119747
361012.1642971977	4065792.7454934227
361012.46428660763	4065792.7477417355
361012.7642887412	4065792.7491082093
361013.06429544307	4065792.750044356
361013.3642985581	4065792.751001687
361013.66429129767	4065792.752381621
361013.96427550336	4065792.7542692693
361014.264256376	4065792.7566266246
361014.56423912384	4065792.7594154016
361014.8642289552	4065792.762597317
361015.1642310783	4065792.766134085
361015.46424857905	4065792.7699113674
361015.7642728394	4065792.7733954606
361016.0642912295	4065792.7759089014
361016.3642911157	4065792.7767741
361016.66425986466	4065792.775313467
361016.96418512956	4065792.7708658003
361017.2640667809	4065792.763467779
361017.563921203	4065792.7540994347
361017.86376595125	4065792.7438076832
361018.1636185809	4065792.733639441
361018.4634966473	4065792.7246416253
361018.7634133538	4065792.717612019
361019.06336262706	4065792.7122449153
361019.3633330584	4065792.7079291954
361019.6633132392	4065792.7040537247
361019.9632917605	4065792.70000737
361020.2632574502	4065792.6951950006
361020.5632041458	4065792.6893603005
361020.8631304655	4065792.682570305
361021.16303521866	4065792.6749049556
361021.4629172142	4065792.666444191
361021.7627746429	4065792.6572469384
361022.0625954909	4065792.647025392
361022.362359372	4065792.6352072805
361022.6620456528	4065792.6212119274
361022.96163384296	4065792.6044633402
361023.2611346273	4065792.5854052575
361023.5606286417	4065792.566769512
361023.86020604847	4065792.5515995463
361024.159956123	4065792.5429175394
361024.45989674627	4065792.5420340355
361024.7599231838	4065792.547319951
361025.0599186212	4065792.556856588
361025.35977788415	4065792.5687553775
361025.65951977874	4065792.5814486444
361025.95923802356	4065792.593562605
361026.2590258759	4065792.6037453916
361026.55892190523	4065792.611345888
361026.8588956769	4065792.6165971705
361027.1589122329	4065792.6197710065
361027.4589330067	4065792.6205602507
361027.758915121	4065792.6179660996
361028.0588210731	4065792.6111641685
361028.3586619815	4065792.6011878946
361028.65847392095	4065792.590019223
361028.95829736453	4065792.579519006
361029.2581791679	4065792.5713522607
361029.5581456921	4065792.5664297016
361029.85813616303	4065792.562604614
361030.1580672413	4065792.556938505
361030.45787384	4065792.5471154666
361030.7575832582	4065792.533970837
361031.05725195614	4065792.5193346255
361031.35693640495	4065792.505037224
361031.6566846385	4065792.4926338624
361031.9564948712	4065792.4820550745
361032.2563470962	4065792.472637182
361032.55622127996	4065792.4637156245
361032.85609886266	4065792.45468987
361033.15597996017	4065792.4457707093
361033.4558775121	4065792.437726038
361033.7558047098	4065792.4313346725
361034.05577454687	4065792.4273646194
361034.35578429914	4065792.4257232384
361034.6558043464	4065792.424845193
361034.9558024312	4065792.423020738
361035.2557462962	4065792.4185401285
361035.55561307137	4065792.4101833124
361035.8554276671	4065792.3992226957
361036.15523015725	4065792.3877217
361036.4550606224	4065792.3777440675
361036.7549561262	4065792.371185022
361037.05491807265	4065792.367947586
361037.3549245741	4065792.3666335586
361037.65495334164	4065792.3658223283
361037.9549821504	4065792.364100419
361038.25499608554	4065792.3608706896
361038.5549942066	4065792.3570965906
361038.85497714824	4065792.353917457
361039.1549455452	4065792.352472622
361039.45490002533	4065792.353857595
361039.7548410794	4065792.358256889
361040.0547690689	4065792.3649948137
361040.3546843498	4065792.373362028
361040.6545872782	4065792.3826491926
361040.95447892055	4065792.392155513
361041.25436642225	4065792.401253371
361041.55426001566	4065792.409352303
361041.85416995786	4065792.4158621416
361042.15410640376	4065792.420200628
361042.45407388813	4065792.4222226012
361042.7540685007	4065792.422439654
361043.0540856353	4065792.42141752
361043.3541206855	4065792.419721931
361043.65416525735	4065792.41773442
361043.9541909936	4065792.414865591
361044.2541629826	4065792.4102073046
361044.55404630903	4065792.4028512267
361044.85380820546	4065792.3919475707
361045.15345858724	4065792.3778098957
361045.45304662315	4065792.3618216305
361045.7526229424	4065792.345406011
361046.05223810015	4065792.3299840894
361046.35192299046	4065792.316395776
361046.6516624894	4065792.304120795
361046.95143489883	4065792.2924445597
361047.25121852086	4065792.2806524816
361047.5509935841	4065792.268139519
361047.8507557359	4065792.255177246
361048.1505080239	4065792.2424579808
361048.4502535426	4065792.2306766994
361048.74999543926	4065792.2205266827
361049.0497497621	4065792.212287554
361049.34956221766	4065792.205287963
361049.64948266477	4065792.1987234247
361049.9495609622	4065792.191789455
361050.24983529246	4065792.1838834607
361050.55019076995	4065792.177049582
361050.8504048489	4065792.175193531
361051.15025274287	4065792.1822597613
361051.44950959354	4065792.2021924146
361051.74776049296	4065792.2381047024
361052.04398784763	4065792.2904748037
361052.33705487347	4065792.3592597772
361052.6258247865	4065792.444416681
361052.90916436294	4065792.5458977288
361053.18615637504	4065792.6633611703
361053.4562197633	4065792.7960077384
361053.7188025474	4065792.9429985913
361053.97335274686	4065793.103494887
361054.2193197128	4065793.2766577825
361054.4563128104	4065793.461648448
361054.6842515901	4065793.657628072
361054.9030911591	4065793.863757849
361055.1127866244	4065794.0791989723
361055.3132929724	4065794.3031129753
361055.5045150485	4065794.5348032606
361055.6862303724	4065794.773933485
361055.8581965536	4065795.0202236366
361056.0201712018	4065795.2733937055
361056.17191141786	4065795.5331636555
361056.31289401004	4065795.7992398534
361056.4418511094	4065796.0712925484
361056.5573925528	4065796.3489860543
361056.65812817693	4065796.6319846855
361056.74267137324	4065796.9199519358
361056.8104403304	4065797.212365449
361056.8626746957	4065797.5082822423
361056.9008646283	4065797.8067014837
361056.92650028755	4065798.10662234
361056.94107265346	4065798.4070447735
361056.9463677961	4065798.7072541127
361056.9449028152	4065799.007242636
361056.9393060601	4065799.307110205
361056.9322057813	4065799.6069566784
361056.92558847397	4065799.9068558323
361056.9192737349	4065800.206793378
361056.91262427886	4065800.5067364583
361056.90500429744	4065800.806652285
361056.8960635039	4065801.106521518
361056.8860756463	4065801.4063542048
361056.8753969291	4065801.706164277
361056.86438948574	4065802.005965683
361056.8535122038	4065802.305772627
361056.84330278856	4065802.605599524
361056.83430123806	4065802.9054607935
361056.826872548	4065803.2053657253
361056.8207291673	4065803.5053044744
361056.8154314795	4065803.805262739
361056.81052958523	4065804.105226574
361056.80549844645	4065804.4051846573
361056.7997802454	4065804.7051268467
361056.79312526266	4065805.0050501423
361056.7861013535	4065805.3049704847
361056.77942774876	4065805.604904983
361056.7739351308	4065805.9048583247
361056.7704954611	4065806.2048302745
361056.76950035756	4065806.5048189294
361056.77031886665	4065806.8048188635
361056.7721890173	4065807.1048241965
361056.7743488387	4065807.4048290504
361056.776111385	4065807.7048283196
361056.7773845176	4065808.0048230323
361056.77835933096	4065808.304817139
361056.7792286538	4065808.604814606
361056.7801853148	4065808.9048194005
361056.78144218464	4065809.204832671
361056.7832906626	4065809.504844521
361056.7860413791	4065809.804842348
361056.79000496434	4065810.104813552
361056.79549204855	4065810.404745531
361056.80269708676	4065810.7046304676
361056.81119168113	4065811.0044862083
361056.8203395816	4065811.3043391583
361056.8295043931	4065811.604215731
361056.83804975374	4065811.9041423346
361056.84554242936	4065812.204129681
361056.8522333503	4065812.5041355984
361056.85851733707	4065812.804106794
361056.8647892105	4065813.1039899737
361056.87144340394	4065813.4037319426
361056.87866060867	4065813.7033325215
361056.88605346833	4065814.002932439
361056.8931413073	4065814.302695569
361056.8994434499	4065814.6027857885
361056.9044792206	4065814.9033669718
361056.90731084713	4065815.204473894
361056.9049417273	4065815.5055598454
361056.89379585965	4065815.8059144733
361056.8702972113	4065816.1048274147
361056.83086974896	4065816.4015883096
361056.77282652294	4065816.695521937
361056.6971048825	4065816.9860963365
361056.605565567	4065817.272816042
361056.50006931555	4065817.5551855913
361056.3824543248	4065817.83270813
361056.25373516616	4065818.1048360704
361056.11388604075	4065818.3709577294
361055.9628145149	4065818.630457325
361055.80042815435	4065818.882719071
361055.6266746175	4065819.127160005
361055.4420306202	4065819.3636302613
361055.2473467083	4065819.592286008
361055.043481296	4065819.8132898496
361054.8312921968	4065820.026803526
361054.61130954255	4065820.232515302
361054.38319419476	4065820.428857421
361054.1464644907	4065820.614056191
361053.9006387674	4065820.7863379186
361053.64524702117	4065820.9439432453
361053.3804999373	4065821.0859495793
361053.10765256925	4065821.2127181683
361052.8280485705	4065821.324719178
361052.543031594	4065821.4224227695
361052.2539445695	4065821.5062999665
361051.96190633933	4065821.5770881274
361051.6674955526	4065821.636166641
361051.3712110966	4065821.6850096975
361051.07355185837	4065821.7250914867
361050.77501672524	4065821.7578861983
361050.47606094886	4065821.784835826
361050.17685625545	4065821.807173177
361049.87746108696	4065821.8260474727
361049.577933588	4065821.8426077147
361049.2783319031	4065821.858002907
361048.9787129768	4065821.87335445
361048.67909762275	4065821.8889527456
361048.3794650361	4065821.904130977
361048.0797921072	4065821.9181693196
361047.7800557266	4065821.9303479507
361047.4802351706	4065821.9400258586
361047.180342654	4065821.947649982
361046.8804144038	4065821.9544603867
361046.5804871918	4065821.9617151353
361046.2805949405	4065821.970544601
361045.980729169	4065821.980179007
361045.6808488735	4065821.988391155
361045.3809132004	4065821.992968778
361045.0809161021	4065821.993550085
361044.78089492215	4065821.9920801953
361044.4808834193	4065821.990638791
361044.1808925432	4065821.991268558
361043.88092559495	4065821.9954560082
361043.5809706175	4065822.001337621
361043.28100988845	4065822.0057839383
361042.981029125	4065822.0063490192
361042.6810319966	4065822.004155478
361042.381027993	4065822.001482846
361042.0810264013	4065822.0005535916
361041.7810307143	4065822.0019647493
361041.48103796714	4065822.004501988
361041.1810448568	4065822.006855985
361040.88104856893	4065822.0079053054
361040.58104931796	4065822.0076920986
361040.28104847623	4065822.006703398
361039.9810474185	4065822.0054271347
361039.68104741035	4065822.0043095443
361039.38104865665	4065822.003391325
361039.08105076494	4065822.002484787
361038.781053336	4065822.001399681
361038.48105615843	4065821.9999891254
361038.1810599331	4065821.9983168254
361037.88106563716	4065821.9965103213
361037.58107408305	4065821.9946974823
361037.2810829293	4065821.993012242
361036.9810869987	4065821.9915939807
361036.6810810135	4065821.9905822785
361036.3810646042	4065821.99022837
361036.08105550706	4065821.9911953607
361035.78107563214	4065821.994241299
361035.4811450261	4065822.00004444
361035.18125619896	4065822.0081038554
361034.8813806381	4065822.017018382
361034.58148933505	4065822.025365624
361034.2815630404	4065822.0321431025
361033.98160558625	4065822.037341521
361033.68162414164	4065822.0410951464
361033.3816258885	4065822.0435409355
361033.0816192267	4065822.0450633555
361032.7816147388	4065822.0464906585
361032.4816232349	4065822.0486972807
361032.1816555248	4065822.0525576584
361031.8817210574	4065822.058833404
361031.58181333815	4065822.0669646077
361031.28191552963	4065822.075534034
361030.9820106191	4065822.0831099437
361030.6820815941	4065822.0882605966
361030.38211637444	4065822.089882694
361030.08212508727	4065822.0883516315
361029.78212410596	4065822.084458762
361029.48212980456	4065822.07899546
361029.18215758976	4065822.072745597
361028.88220736233	4065822.066372744
361028.58226653695	4065822.0604436006
361028.28232217365	4065822.0555221154
361027.9823614161	4065822.05216824
361027.68237827043	4065822.0506151323
361027.38237858785	4065822.0505318427
361027.0823693942	4065822.05153148
361026.7823577155	4065822.0532271536
361026.48235044925	4065822.0552403936
361026.182351079	4065822.057416942
361025.882359394	4065822.0598451467
361025.58237499866	4065822.062625468
361025.28239749797	4065822.0658583613
361024.98242649407	4065822.0696437587
361024.68246122275	4065822.0740031363
361024.38250016735	4065822.078796932
361024.08254171896	4065822.08386581
361023.7825842685	4065822.089050435
361023.482626207	4065822.094191472
361023.18266626005	4065822.0991600887
361022.8827049577	4065822.1039919895
361022.58274343587	4065822.108778104
361022.2827828309	4065822.1136094043
361021.982824279	4065822.1185768605
361021.68286822736	4065822.12372268
361021.38291227113	4065822.1288872696
361021.08295326785	4065822.1338588432
361020.78298807476	4065822.138425613
361020.4830136718	4065822.142379666
361020.1830295672	4065822.145593236
361019.8830376505	4065822.1480140337
361019.5830399041	4065822.1495927083
361019.28303831076	4065822.15028109
361018.98303492006	4065822.1501961485
361018.68303191644	4065822.1497883713
361018.38303150045	4065822.1495484076
361018.0830358727	4065822.14996691
361017.7830469058	4065822.15148747
361017.4830624258	4065822.1539731687
361017.18307753286	4065822.1568960296
361016.8830872763	4065822.1597207743
361016.58308670524	4065822.161912124
361016.2830743536	4065822.1631950024
361015.9830624429	4065822.1643165043
361015.68306655594	4065822.166274695
361015.3831022752	4065822.170067639
361015.0831832306	4065822.1765751867
361014.78329699626	4065822.185099677
361014.4834125911	4065822.1938200556
361014.18349863566	4065822.2008911665
361013.8835270652	4065822.2046502135
361013.58351232385	4065822.205773283
361013.28349829715	4065822.2065563565
361012.98352946056	4065822.2093278654
361012.6836420099	4065822.21601293
361012.3838213236	4065822.226061265
361012.08403351123	4065822.237983977
361011.7842446459	4065822.2502903836
361011.48444257595	4065822.2620331845
361011.18473341176	4065822.2752162116
361010.885263222	4065822.2928404096
361010.5861781063	4065822.3179075043
361010.28769035154	4065822.3533510296
361009.9907031036	4065822.401392736
361009.6965305482	4065822.4638308883
361009.4064923198	4065822.542458136
361009.12190749974	4065822.639061206
361008.84401405824	4065822.754557759
361008.573884144	4065822.8880887707
361008.3125696435	4065823.038578118
361008.0611224431	4065823.204949676
361007.82059423387	4065823.386127284
361007.59168823157	4065823.580964699
361007.3740407615	4065823.788101138
361007.1670846705	4065824.0061348956
361006.9702528055	4065824.233664268
361006.78298075474	4065824.469289911
361006.6051841134	4065824.712025806
361006.4378035473	4065824.961768607
361006.2819115777	4065825.218528505
361006.1385807254	4065825.4823156907
361006.00884449785	4065825.75311035
361005.89310514595	4065826.030407175
361005.79125348054	4065826.313307511
361005.70316559495	4065826.6009013862
361005.62871758285	4065826.892278829
361005.5677131662	4065827.1865697373
361005.51955849625	4065827.483123044
361005.4835239182	4065827.781362502
361005.45887966	4065828.0807119277
361005.444892593	4065828.3805966596
361005.4404687615	4065828.6806055796
361005.44383657404	4065828.9806347033
361005.45314971916	4065829.2806139146
361005.4665618851	4065829.5804730947
361005.4822851113	4065829.880157338
361005.49893084855	4065830.1797158397
361005.5152778241	4065830.479241398
361005.5301053326	4065830.7788269585
361005.5422747875	4065831.078556679
361005.5514494283	4065831.378428907
361005.55774542224	4065831.678393521
361005.5612840573	4065831.978399851
361005.5622927395	4065832.2784037744
361005.5616291437	4065832.578400067
361005.5603827224	4065832.8783978093
361005.55956823	4065833.178405189
361005.5587619313	4065833.4784128875
361005.5562453732	4065833.778395829
361005.55062835815	4065834.0783340125
361005.5432632516	4065834.37824874
361005.53664155	4065834.678178412
361005.53147862316	4065834.9781335043
361005.5267450524	4065835.2780970675
361005.52141988976	4065835.5780517315
361005.5150068475	4065835.8779848246
361005.5072174889	4065836.177885533
361005.4979020018	4065836.4777466976
361005.4880298952	4065836.7775907214
361005.47911373683	4065837.07745435
361005.4725944538	4065837.3773723403
361005.4687291432	4065837.6773466645
361005.4668328521	4065837.9773532017
361005.46619461937	4065838.277367118
361005.46617412806	4065838.577370833
361005.4663351324	4065838.8773677275
361005.46627801895	4065839.177364944
361005.4656131783	4065839.4773692456
361005.4641985727	4065839.7773780343
361005.46214984905	4065840.077378969
361005.45959468314	4065840.377359254
361005.4566792412	4065840.6773077045
361005.4538710522	4065840.97724117
361005.4519100818	4065841.2772002667
361005.4515449179	4065841.577226362
361005.4535208363	4065841.877360684
361005.4573571613	4065842.177592388
361005.45952029247	4065842.4777809703
361005.4560093579	4065842.777766077
361005.4428234855	4065843.077387357
361005.4162949825	4065843.3764209193
361005.3752560831	4065843.674166136
361005.31967435085	4065843.969705868
361005.24952303054	4065844.2621218944
361005.1647788491	4065844.550498782
361005.06567860564	4065844.834129473
361004.95289475046	4065845.112655951
361004.82714128867	4065845.3857534975
361004.6891322253	4065845.653097391
361004.5395805696	4065845.9143622196
361004.37900950294	4065846.1690905932
361004.20752866834	4065846.4165376113
361004.02519327117	4065846.655920524
361003.8320585168	4065846.886456583
361003.6281796105	4065847.1073630406
361003.4136187784	4065847.3178624683
361003.1886867997	4065847.5173658384
361002.9540038969	4065847.705518677
361002.7102096748	4065847.8819812
361002.45794373803	4065848.046413626
361002.1978456916	4065848.19847617
361001.93055753823	4065848.3378046043
361001.65674609126	4065848.4637817815
361001.37709282525	4065848.575641099
361001.0922794052	4065848.6726140124
361000.80298749614	4065848.753931978
361000.50989939336	4065848.8188423463
361000.2137345011	4065848.867528331
360999.91526933684	4065848.9016134986
360999.6152852841	4065848.922844132
360999.3145637263	4065848.9329665136
360999.0138821986	4065848.9337287066
360998.71369788673	4065848.9270269265
360998.41391175456	4065848.915014633
360998.11436919245	4065848.899870984
360997.81491559086	4065848.88377514
360997.5153964165	4065848.868905267
360997.2157045979	4065848.8568205778
360996.9158614776	4065848.8474056297
360996.615909903	4065848.840264537
360996.3158927216	4065848.8350014105
360996.0158527808	4065848.831220362
360995.7158293492	4065848.8285324825
360995.4158293884	4065848.826611848
360995.1158427213	4065848.8251659535
360994.815859013	4065848.823902598
360994.5158679289	4065848.8225295814
360994.2158602703	4065848.8208049606
360993.9158410285	4065848.819114669
360993.61582484114	4065848.8182714446
360993.31582652987	4065848.819096184
360993.01586091676	4065848.822409783
360992.7159383362	4065848.828749396
360992.4160435648	4065848.837036072
360992.1161523435	4065848.8456195206
360991.8162404029	4065848.8528487915
360991.5162848056	4065848.857165613
360991.2162885866	4065848.858818957
360990.91627840046	4065848.859701295
360990.61628176173	4065848.8617649414
360990.3163253675	4065848.866895426
360990.01641276415	4065848.875086922
360989.71652163833	4065848.8842208865
360989.41662831476	4065848.892067548
360989.1167091669	4065848.896402659
360988.8167508111	4065848.896170593
360988.51676270564	4065848.892921767
360988.21675739787	4065848.8885590113
360987.91674743494	4065848.884985158
360987.61674434016	4065848.8839187194
360987.3167502052	4065848.8853804814
360987.01676203584	4065848.888475802
360986.71677678864	4065848.892301149
360986.4167914305	4065848.895957355
360986.1168037305	4065848.8988905717
360985.81681282906	4065848.9011368877
360985.5168180007	4065848.9027901115
360985.2168185285	4065848.903943508
360984.916815156	4065848.9045976093
360984.6168117221	4065848.904556374
360984.31681246083	4065848.90359869
360984.0168216051	4065848.901503517
360983.7168411655	4065848.8982321387
360983.4168661387	4065848.894321256
360983.1168901411	4065848.8904208047
360982.8169067951	4065848.887180329
360982.5169125824	4065848.8850677977
360982.2169113742	4065848.884081898
360981.9169082194	4065848.8841465134
360981.61690816423	4065848.885185436
360981.3169143117	4065848.88705946
360981.01692444854	4065848.8894570284
360980.71693546046	4065848.8920373735
360980.4169442333	4065848.89445973
360980.11694846454	4065848.896461562
360979.8169511164	4065848.8982877503
360979.5169572513	4065848.9003855935
360979.2169719372	4065848.903202914
360978.91700016486	4065848.9071806693
360978.6170416604	4065848.912290626
360978.3170875981	4065848.917742442
360978.0171283688	4065848.9226759598
360977.7171544426	4065848.926237809
360977.41716258076	4065848.9281135476
360977.1171603021	4065848.928910296
360976.8171561586	4065848.9293243224
360976.5171556389	4065848.9298825474
360976.2171579459	4065848.930764461
360975.91716152924	4065848.932092414
360975.6171652138	4065848.933685488
360975.3171681798	4065848.935075437
360975.01716964185	4065848.935787706
360974.71716980345	4065848.93558981
360974.4171702777	4065848.9345943807
360974.117172786	4065848.932940483
360973.81717894535	4065848.9307698626
360973.5171884916	4065848.9282728955
360973.21719952294	4065848.925682261
360972.91721008334	4065848.9232320525
360972.61721821653	4065848.9211563612
360972.3172225706	4065848.9196097315
360972.01722445956	4065848.9183956673
360971.717225933	4065848.9172208663
360971.41722904035	4065848.9157920256
360971.1172358309	4065848.9138158406
360970.81724803685	4065848.911048123
360970.517264684	4065848.907663502
360970.21728342824	4065848.90404863
360969.9173019146	4065848.9005918107
360969.61731778824	4065848.8976813434
360969.31732869946	4065848.8957049144
360969.0173335668	4065848.894895297
360968.7173342442	4065848.89512678
360968.4173329994	4065848.896223091
360968.1173321004	4065848.8980079573
360967.8173338149	4065848.9003051054
360967.51734033384	4065848.902939332
360967.2173518039	4065848.9057637774
360966.9173661646	4065848.9086621925
360966.6173812454	4065848.911519855
360966.3173948759	4065848.914222039
360966.017404898	4065848.9166548285
360965.71741098387	4065848.9188240073
360965.4174165549	4065848.920980552
360965.1174254916	4065848.9234054745
360964.8174416749	4065848.9263797845
360964.5174688553	4065848.9301755996
360964.21750669216	4065848.93478498
360963.9175500265	4065848.9398701782
360963.6175934229	4065848.9450745187
360963.3176314459	4065848.9500413276
360963.017661107	4065848.9545467645
360962.7176900717	4065848.958945371
360962.4177289046	4065848.9637490646
360962.11778817046	4065848.969469767
360961.8178749219	4065848.976462291
360961.5179800169	4065848.9843569533
360961.21808964823	4065848.9925753754
360960.91819002584	4065849.0005397806
360960.61827650544	4065849.00799609
360960.31836851453	4065849.0155422417
360960.0184893948	4065849.023914701
360959.7186604389	4065849.033789686
360959.4188681877	4065849.044821557
360959.11907016643	4065849.0558115
360958.81922301085	4065849.0655345386
360958.51928386866	4065849.0727712996
360958.21925618645	4065849.0768091194
360957.9192259424	4065849.0778385806
360957.6192876412	4065849.0761435847
360957.31950284773	4065849.071851805
360957.01979178574	4065849.06442056
360956.7200367765	4065849.053127408
360956.42012014106	4065849.0372499013
360956.1199781854	4065849.0159727675
360955.8202042719	4065848.987350906
360955.5218301025	4065848.9486854803
360955.2258953614	4065848.8972639297
360954.933439733	4065848.8303736923
360954.6455082027	4065848.745370917
360954.36327580316	4065848.6412973087
360954.0880522888	4065848.5189407207
360953.82115365093	4065848.3791698427
360953.5638958809	4065848.222853365
360953.3173695883	4065848.050911082
360953.0817309691	4065847.8644746724
360952.8568940965	4065847.664730717
360952.6427730432	4065847.452865795
360952.4392818819	4065847.230066488
360952.2464253348	4065846.997470303
360952.0649768951	4065846.7557985773
360951.89609748335	4065846.5055629173
360951.740950979	4065846.247273328
360951.6007012619	4065845.9814398135
360951.4765122116	4065845.7085723775
360951.3691644749	4065845.4292428857
360951.27677176346	4065845.1444537025
360951.19631424634	4065844.8553901664
360951.12476794387	4065844.5632382883
360951.05910887633	4065844.269184077
360950.996313064	4065843.9744135435
360950.9338879729	4065843.6799295326
360950.8721849704	4065843.385754743
360950.8125027517	4065843.0915853763
360950.7561406594	4065842.7971174084
360950.704398036	4065842.5020468193
360950.65857422404	4065842.2060695854
360950.6198390549	4065841.908920025
360950.5882318841	4065841.6106671216
360950.56320861215	4065841.311552579
360950.5442202764	4065841.0118195456
360950.53071791393	4065840.711711167
360950.52215256216	4065840.4114705897
360950.5179534212	4065840.1113199373
360950.51735876745	4065839.81129753
360950.5195082057	4065839.5113466983
360950.52354051406	4065839.2114099753
360950.5284521111	4065838.911432382
360950.52840371383	4065838.6114443
360950.5239649935	4065838.311481281
360950.5246416866	4065838.011487397
360950.5275043091	4065837.7114809356
360950.5278959036	4065837.411490724
360950.5238321189	4065837.111527979
360950.51767228264	4065836.811575296
360950.51215393376	4065836.5116128046
360950.5086908401	4065836.211631094
360950.50656955346	4065835.9116375614
360950.50488453725	4065835.611641121
360950.5027540497	4065835.3116504205
360950.49991883436	4065835.0116671044
360950.4967870121	4065834.7116853087
360950.49379949056	4065834.4116988033
360950.4913971015	4065834.111701364
360950.48998415674	4065833.811691335
360950.489869997	4065833.5116789266
360950.49134872213	4065833.2116762567
360950.49471443205	4065832.911695443
360950.50020451244	4065832.611747386
360950.5073093138	4065832.3118269662
360950.51499200764	4065832.0119177606
360950.52220470423	4065831.712003108
360950.5278995368	4065831.412066347
360950.5313476954	4065831.1120961905
360950.5329412898	4065830.812100226
360950.5333184567	4065830.5120901866
360950.53311733337	4065830.212077803
360950.5329353442	4065829.91207394
360950.5328501347	4065829.612078371
360950.53258052154	4065829.3120832155
360950.53183819173	4065829.012080442
360950.5304175876	4065828.712063441
360950.52914943855	4065828.412043439
360950.52957007964	4065828.1120438036
360950.5332262077	4065827.812088092
360950.54063015454	4065827.512185224
360950.5497778812	4065827.2123085083
360950.5582900052	4065826.9124259464
360950.5641224266	4065826.6125089657
360950.5683895228	4065826.31256131
360950.5739397472	4065826.012604466
360950.583630254	4065825.712663145
360950.59985630354	4065825.412915258
360950.62434414536	4065825.11376061
360950.6587676354	4065824.8156163814
360950.7047550071	4065824.5189075735
360950.76315247297	4065824.2241931898
360950.83414899104	4065823.9321448654
360950.91791308677	4065823.643437734
360951.01461328584	4065823.3587469286
360951.1244083637	4065823.0787574863
360951.2473529216	4065822.804260235
360951.3834384642	4065822.5361100836
360951.5326556145	4065822.2751628323
360951.6949949958	4065822.022274284
360951.87037847575	4065821.778268935
360952.05839631316	4065821.5438202927
360952.2585389222	4065821.319556404
360952.4702966971	4065821.1061053076
360952.6931582165	4065820.9041146105
360952.9265950954	4065820.7144147996
360953.1700696959	4065820.5379361133
360953.4230442867	4065820.3756097946
360953.6849728173	4065820.228349005
360953.9550363953	4065820.0964737185
360954.23208845477	4065819.979591524
360954.5149630286	4065819.8772678273
360954.80249415	4065819.7890680367
360955.0935830956	4065819.7144777086
360955.3874948437	4065819.6525505115
360955.68361677363	4065819.6021947665
360955.981336357	4065819.5623186827
360956.28004144086	4065819.531829416
360956.5792449985	4065819.5092823273
360956.8787657695	4065819.4923731196
360957.17846832785	4065819.47866863
360957.47821724764	4065819.4657356967
360957.77787982667	4065819.4511912065
360958.07741238043	4065819.434287705
360958.37687795004	4065819.4162387787
360958.67634587886	4065819.398373809
360958.9758855101	4065819.3820221797
360959.27555124665	4065819.3682132643
360959.5753093847	4065819.356207207
360959.87509403395	4065819.3446178357
360960.17483925674	4065819.3320580246
360960.47448310273	4065819.3172305343
360960.7740358098	4065819.3004654236
360961.07357038074	4065819.2835076293
360961.3731619095	4065819.268149228
360961.6728826602	4065819.256111045
360961.9727404134	4065819.247490404
360962.27267880266	4065819.240769578
360962.5726386986	4065819.234361281
360962.8725643586	4065819.22678458
360963.1724503559	4065819.218138588
360963.47232981346	4065819.2097329684
360963.7722368352	4065819.2029081886
360964.07219677826	4065819.1987071475
360964.37219666387	4065819.1968685193
360964.67221301305	4065819.1967737614
360964.97222314693	4065819.1978155444
360965.272219371	4065819.199596753
360965.57220729184	4065819.201906864
360965.8721929318	4065819.2045427826
360966.172179497	4065819.2073600614
360966.4721657823	4065819.210306083
360966.7721501486	4065819.2133477675
360967.07212964393	4065819.216757882
360967.37209989864	4065819.2211394715
360967.6720591493	4065819.2267045374
360967.972019712	4065819.2315218328
360968.2719974672	4065819.233144866
360968.5719935468	4065819.2317581587
360968.871998183	4065819.2294903714
360969.1720016856	4065819.2284342065
360969.4720004957	4065819.2291778405
360969.7719964514	4065819.2309853793
360970.0719915748	4065819.233075727
360970.37198766693	4065819.234767179
360970.67198539217	4065819.2358898832
360970.9719850497	4065819.2364382874
360971.2719869386	4065819.236406916
360971.5719902825	4065819.235751621
360971.87199019827	4065819.2342805504
360972.1719808223	4065819.2317665876
360972.47195629595	4065819.227982921
360972.77191510977	4065819.222974182
360973.07186811755	4065819.2175565762
360973.37182835495	4065819.212682476
360973.67180851195	4065819.2092909333
360973.97180954914	4065819.207868571
360974.2718181043	4065819.2083495907
360974.57181994535	4065819.2106346227
360974.8718009733	4065819.2146232943
360975.1717531801	4065819.2201695163
360975.4716770296	4065819.2270636046
360975.77157361247	4065819.2350911736
360976.07144401915	4065819.244037836
360976.37129012303	4065819.253683837
360976.67111986043	4065819.263767841
360976.97094399674	4065819.2740091067
360977.2707733132	4065819.284126786
360977.5706185363	4065819.293840532
360977.87048659223	4065819.3029047376
360978.17037821	4065819.3111304464
360978.4702935482	4065819.318333918
360978.77023276506	4065819.324331413
360979.0701952189	4065819.3289919537
360979.37017599685	4065819.332466175
360979.6701687667	4065819.3349982793
360979.9701671955	4065819.3368325336
360980.2701653445	4065819.338202198
360980.5701622286	4065819.339202332
360980.870160242	4065819.3398337024
360981.1701618441	4065819.3400952546
360981.4701688682	4065819.339962554
360981.7701755662	4065819.33912818
360982.0701711534	4065819.3370966916
360982.37014475424	4065819.3333692593
360982.6700862684	4065819.3275480806
360982.96998973424	4065819.3197746705
360983.26985056547	4065819.3103697808
360983.5696647492	4065819.2996582654
360983.86944082787	4065819.2880523377
360984.1691995695	4065819.27604928
360984.46896214236	4065819.264147331
360984.76873843704	4065819.252573705
360985.06851728336	4065819.2410494564
360985.3682852046	4065819.2292402103
360985.6680307139	4065819.2168672294
360985.9677505608	4065819.203882052
360986.2674436254	4065819.190295784
360986.56710878736	4065819.17611953
360986.86674698576	4065819.1613988215
360987.1663667428	4065819.1463059895
360987.46597832633	4065819.131042549
360987.7655920042	4065819.1158100176
360988.0652173398	4065819.100796998
360988.3648560477	4065819.086048196
360988.66450493544	4065819.0715183537
360988.96416073537	4065819.0571608357
360989.2638201825	4065819.0429290514
360989.5634844089	4065819.028848595
360989.8631679494	4065819.015165099
360990.16288788425	4065819.002165978
360990.4626612826	4065818.990138767
360990.76249835704	4065818.9794516424
360991.0623906571	4065818.970692259
360991.3623265867	4065818.9644852644
360991.662294567	4065818.9614430773
360991.9622839239	4065818.9615211855
360992.26228532835	4065818.963698607
360992.5622895609	4065818.9668750605
360992.86228860443	4065818.9700181023
360993.16228168295	4065818.9725037874
360993.4622707186	4065818.973860346
360993.7622578985	4065818.973680026
360994.06224831514	4065818.9722649106
360994.3622488758	4065818.970360554
360994.66226593987	4065818.9687214964
360994.96229003405	4065818.9681633096
360995.26229425496	4065818.969568753
360995.5622508037	4065818.9738240396
360995.86214018526	4065818.9814724666
360996.1619852122	4065818.9913102165
360996.46182213683	4065819.00157846
360996.76168721734	4065819.010518141
360997.0616082052	4065819.01679597
360997.36157731555	4065819.0208573937
360997.6615774845	4065819.0236122906
360997.96159163566	4065819.0259704636
360998.2616001112	4065819.0288256477
360998.5615775408	4065819.0330360224
360998.86149778886	4065819.039455005
360999.16133954126	4065819.0487717497
360999.4611282569	4065819.060082024
360999.76091567933	4065819.0715861814
361000.06075375044	4065819.081477737
361000.3606645566	4065819.0889486154
361000.6605977644	4065819.0956124985
361000.9604922739	4065819.103443119
361001.26029289624	4065819.1142246528
361001.56002484215	4065819.1271631615
361001.8597713372	4065819.139604381
361002.1596158439	4065819.148886119
361002.45956966985	4065819.154637528
361002.75952657947	4065819.1602204437
361003.05937166535	4065819.169273958
361003.35909301596	4065819.1822573086
361003.6588253365	4065819.1951031233
361003.95869509835	4065819.2038399386
361004.2586854611	4065819.2077536993
361004.5587163672	4065819.207661429
361004.8587300401	4065819.206287871
361005.1586926848	4065819.208370503
361005.45859365124	4065819.216201995
361005.75848300423	4065819.225056267
361006.05841943965	4065819.2291999334
361006.3584156225	4065819.227971218
361006.6584348612	4065819.2261464195
361006.95844172646	4065819.228010067
361007.25842861127	4065819.232120663
361007.5584006042	4065819.234423936
361007.85836299846	4065819.2318242774
361008.1583217708	4065819.22595895
361008.45828301844	4065819.2198805953
361008.7582468649	4065819.2150574126
361009.0582037021	4065819.2103759428
361009.3581501994	4065819.2049721126
361009.65811811347	4065819.2003631378
361009.9581253801	4065819.1976219043
361010.25803472137	4065819.190410662
361010.5577733335	4065819.176199449
361010.857665349	4065819.173623555
361011.15762106737	4065819.176173503
361011.4572907194	4065819.1615444445
361011.75701406697	4065819.147914797
361012.05686191295	4065819.138757091
361012.3567558483	4065819.1304292306
361012.65658768616	4065819.120396841
361012.95626794075	4065819.1067728666
361013.2559023113	4065819.091910742
361013.5556923924	4065819.0802529706
361013.8556039765	4065819.0715200533
361014.15522141417	4065819.057774818
361014.4548425342	4065819.0434587384
361014.7551141621	4065819.042086855
361015.05363075883	4065819.0136508644
361015.35232533934	4065818.9856921094
361015.6521258076	4065818.973447535
361015.95083358715	4065818.9481841633
361016.2490886672	4065818.9142829147
361016.5478144025	4065818.885559361
361016.8428024898	4065818.832171507
361017.1358059255	4065818.76702973
361017.4248819204	4065818.687511311
361017.709424658	4065818.5914392895
361017.98721781484	4065818.478353683
361018.2529200276	4065818.3393037817
361018.5093319694	4065818.1827732944
361018.7592610754	4065818.0167565155
361019.0015018616	4065817.8397041415
361019.23351736594	4065817.6491309893
361019.45130768063	4065817.4427335593
361019.65264332155	4065817.2201278456
361019.83881336864	4065816.9844394727
361020.0107712065	4065816.7383755213
361020.1675284949	4065816.4824789567
361020.3078572259	4065816.2171137203
361020.4308525601	4065815.943331967
361020.53654812934	4065815.662532725
361020.6285041202	4065815.376872931
361020.7087172166	4065815.087771046
361020.77490200044	4065814.7951022037
361020.82476322615	4065814.499374552
361020.8642744036	4065814.2018621615
361020.89876215195	4065813.903635907
361020.9084775893	4065813.6042648884
361020.89852926636	4065813.304102338
361020.8910425901	4065813.0040675793
361020.888288346	4065812.704169548
361020.8874943881	4065812.4042010778
361020.88936853403	4065812.104183572
361020.89570500713	4065811.8042104873
361020.90824789787	4065811.5044265534
361020.9286554173	4065811.2050636504
361020.9585779927	4065810.9063644954
361020.9997307462	4065810.608838737
361021.05395216483	4065810.3135050344
361021.1230945945	4065810.021439237
361021.20848992077	4065809.733627557
361021.30948049785	4065809.450713572
361021.42493336013	4065809.173258999
361021.55373652227	4065808.9018265763
361021.69530061906	4065808.6370045533
361021.84958218085	4065808.379407816
361022.0165633771	4065808.129652504
361022.19621468	4065807.888482771
361022.3884568895	4065807.657186401
361022.59319762245	4065807.4371954575
361022.81034434575	4065807.229941757
361023.0394738544	4065807.0363084553
361023.27913059114	4065806.8554658014
361023.5276580941	4065806.6862506974
361023.7834108302	4065806.527520638
361024.04546895315	4065806.3795003877
361024.31407962437	4065806.244613481
361024.5895954914	4065806.1254821997
361024.8723504897	4065806.0247038687
361025.16184883984	4065805.9437692203
361025.45645371627	4065805.882647169
361025.75444532733	4065805.8411959787
361026.05415340076	4065805.81919795
361026.3544584112	4065805.815590541
361026.654584669	4065805.828783766
361026.9537611019	4065805.85718676
361027.2511442933	4065805.9000449292
361027.5457516528	4065805.958212473
361027.8365847841	4065806.0327263013
361028.12264861	4065806.124325798
361028.4029613647	4065806.232557127
361028.67654461955	4065806.356667368
361028.942526775	4065806.495812605
361029.20109255647	4065806.6482491363
361029.4530293108	4065806.811719944
361029.69913006434	4065806.983965227
361029.9399446017	4065807.1633032346
361030.17549961136	4065807.3492953163
361030.40575394576	4065807.541664028
361030.6307057618	4065807.7400931185
361030.8516224054	4065807.943013141
361031.07128414087	4065808.1473607947
361031.2925597554	4065808.349985374
361031.51827526814	4065808.5477665025
361031.7502781602	4065808.738277804
361031.9894402129	4065808.9197848835
361032.2365910071	4065809.090583278
361032.492551919	4065809.248960547
361032.75762442255	4065809.392698846
361033.03128785297	4065809.5187811144
361033.3129488854	4065809.6241196594
361033.6020116581	4065809.7056332733
361033.89738702506	4065809.761502233
361034.19690633466	4065809.792667441
361034.49825808295	4065809.800435121
361034.7991459048	4065809.7861113376
361035.09784779587	4065809.750996143
361035.39337977127	4065809.6963818655
361035.68480636337	4065809.623560325
361035.9712967079	4065809.533899717
361036.25268491387	4065809.429253771
361036.52906552714	4065809.311666372
361036.80049770686	4065809.1830791296
361037.0665319857	4065809.0439821216
361037.32634213305	4065808.893790216
361037.5790723685	4065808.7318921047
361037.8235436326	4065808.5576632586
361038.05832068814	4065808.3704686724
361038.28187911626	4065808.1697321646
361038.4921723185	4065807.955253278
361038.6869575857	4065807.7269839575
361038.8654908591	4065807.485821259
361039.0302466888	4065807.234690636
361039.18392005714	4065806.9766173977
361039.3268963483	4065806.7127113966
361039.45805691206	4065806.4428351205
361039.5762913075	4065806.1669146703
361039.68068488565	4065805.8853664827
361039.7703931099	4065805.598782584
361039.84473024315	4065805.307801835
361039.90395045065	4065805.013339122
361039.94865260785	4065804.71641057
361039.9795783966	4065804.418004371
361039.9994158323	4065804.1187245618
361040.012262979	4065803.8188968655
361040.02224942175	4065803.518840787
361040.0328884117	4065803.218839647
361040.043694005	4065802.9189419956
361040.05258435034	4065802.619102693
361040.05747343693	4065802.319276356
361040.0566077369	4065802.01942183
361040.0506460501	4065801.7195286285
361040.0413110559	4065801.4195997943
361040.0303300919	4065801.1196384286
361040.0185818976	4065800.819693677
361040.0035119219	4065800.520000968
361039.9816974548	4065800.220842837
361039.9497680366	4065799.922519397
361039.9052998826	4065799.625649259
361039.84669270524	4065799.331128089
361039.77237488487	4065799.0398717914
361039.68083135056	4065798.7533132276
361039.57062670944	4065798.47361367
361039.4403315692	4065798.2029892434
361039.289030658	4065797.943450593
361039.11797145207	4065797.696143978
361038.92897003866	4065797.4619884007
361038.72380219144	4065797.2419162085
361038.503772722	4065797.0370156527
361038.2698815078	4065796.8484759303
361038.02314971696	4065796.6774279336
361037.7651308448	4065796.5237936405
361037.497871935	4065796.3863741844
361037.2234061229	4065796.263970006
361036.9430244032	4065796.1563311787
361036.6572793521	4065796.064152652
361036.3666987418	4065795.9881652617
361036.0720937515	4065795.928904962
361035.7746501217	4065795.886650142
361035.4755781911	4065795.8616543123
361035.17582260835	4065795.8524109507
361034.87571715494	4065795.853366922
361034.5755100823	4065795.8584025046
361034.27541302145	4065795.862150163
361033.9754295141	4065795.863516544
361033.6754896983	4065795.862916017
361033.3755326775	4065795.8607310513
361033.07555518916	4065795.857130082
361032.7755765832	4065795.852197565
361032.475616225	4065795.8460186296
361032.1756833888	4065795.838908471
361031.8757637627	4065795.8317200514
361031.5758396698	4065795.825383044
361031.27589353034	4065795.8208215437
361030.9759165857	4065795.818451621
361030.67591583496	4065795.8177818432
361030.37589990936	4065795.8182267677
361030.0758774479	4065795.8191997176
361029.77585749456	4065795.8200480095
361029.4758496934	4065795.820021134
361029.175863737	4065795.818360669
361028.87590910116	4065795.8143238844
361028.57598444325	4065795.807950829
361028.27607280563	4065795.8004114176
361027.9761560137	4065795.7929636207
361027.6762168863	4065795.786800367
361027.3762546004	4065795.7820436643
361027.07628173544	4065795.777938105
361026.7763112652	4065795.7737024524
361026.476353866	4065795.7687025624
361026.17641256773	4065795.7627938534
361025.87648881105	4065795.7559334724
361025.57658403425	4065795.748078713
361025.27669603215	4065795.739389225
361024.97681174765	4065795.730627361
361024.6769161127	4065795.722667186
361024.3769940592	4065795.716382761
361024.07703246875	4065795.712524534
361023.77703913755	4065795.710517204
361023.4770345648	4065795.7089801966
361023.17703942896	4065795.706521596
361022.87707430456	4065795.701757768
361022.577147436	4065795.694289063
361022.27724324365	4065795.685617071
361021.9773434277	4065795.6774604646
361021.67742968857	4065795.6715379152
361021.37748494116	4065795.66942761
361021.0775080603	4065795.6708620875
361020.7775091635	4065795.674273801
361020.4774986023	4065795.6780680465
361020.17748667044	4065795.680678069
361019.8774810185	4065795.681793639
361019.57748564193	4065795.6828425694
361019.27750426845	4065795.685380112
361018.9775389067	4065795.690465432
361018.67758206	4065795.6964144628
361018.3776229647	4065795.700600185
361018.0776515943	4065795.700804249
361017.77766401856	4065795.698179898
361017.4776593045	4065795.695537911
361017.1776389939	4065795.6956935665
361016.87768439273	4065795.7012340357
361016.57792300737	4065795.7132518315
361016.27815493115	4065795.7245731847
361015.978216973	4065795.7301851665
361015.6781989605	4065795.7331429045
361015.3782009562	4065795.736807173
361015.07824169873	4065795.741764427
361014.77829745517	4065795.747152214
361014.4783449917	4065795.752130237
361014.17837853305	4065795.756556648
361013.87840846716	4065795.760936241
361013.57844579115	4065795.76579818
361013.27850150224	4065795.7716716286
361012.978582448	4065795.778862099
361012.6786790919	4065795.786792001
361012.3787778541	4065795.7946658074
361012.07886515465	4065795.8016879917
361011.7789275489	4065795.807071961
361011.47895990615	4065795.810579972
361011.1789700946	4065795.812832398
361010.8789671133	4065795.814524302
361010.57895996195	4065795.816350747
361010.2789570895	4065795.8189243674
361009.9789609685	4065795.8219626313
361009.67897040665	4065795.824634091
361009.37898415886	4065795.826099353
361009.07900098164	4065795.825561913
361008.77901967295	4065795.8230229844
361008.47903906635	4065795.819188883
361008.17905799655	4065795.8147902084
361007.8790753192	4065795.810545192
361007.57909037085	4065795.806883435
361007.2791029732	4065795.8039435353
361006.97911296954	4065795.8018512544
361006.679120203	4065795.8007322755
361006.37912458106	4065795.80056919
361006.07912620803	4065795.800905916
361005.7791252261	4065795.8012025882
361005.47912177717	4065795.8009193414
361005.1791161756	4065795.7995751677
361004.87911138387	4065795.797593619
361004.5791124393	4065795.796107005
361004.2791244345	4065795.796266596
361003.979151358	4065795.7989946366
361003.67919067113	4065795.80385993
361003.3792374461	4065795.8099358887
361003.0792867769	4065795.8163123485
361002.7793340619	4065795.822286697
361002.4793749017	4065795.8272941466
361002.1794049006	4065795.830772389
361001.87942026043	4065795.8322228566
361001.57942343364	4065795.8318136395
361001.27942059684	4065795.830110084
361000.9794179765	4065795.827682825
361000.6794205056	4065795.8250646717
361000.37942700065	4065795.82260959
361000.07943447283	4065795.820618746
360999.77943993296	4065795.8193932986
360999.4794403918	4065795.8192344084
360999.17943360674	4065795.820351217
360998.87942298286	4065795.8222568105
360998.57941450767	4065795.8241459187
360998.2794141827	4065795.82521163
360997.97942800913	4065795.8246470313
360997.6794617374	4065795.821673812
360997.3795130545	4065795.816433775
360997.07957005285	4065795.8101635426
360996.77962030243	4065795.804160075
360996.47965611325	4065795.799274618
360996.1796791022	4065795.795483184
360995.87969196966	4065795.7926598815
360995.579697421	4065795.7906769286
360995.27969841467	4065795.7893019705
360994.9796982903	4065795.788145266
360994.6797004193	4065795.7868040716
360994.3797081728	4065795.7848756434
360994.079724924	4065795.7819584096
360993.7797542689	4065795.777789349
360993.4798002333	4065795.7723728325
360993.1798668925	4065795.7657437176
360992.8799583214	4065795.7579368614
360992.580078595	4065795.748987121
360992.2802317884	4065795.738929354
360991.9804199924	4065795.7278511073
360991.6806299946	4065795.7162463195
360991.3808414646	4065795.70479794
360991.0810340332	4065795.694189967
360990.78118733055	4065795.685106398
360990.4812839523	4065795.6781307375
360990.18132998585	4065795.673050292
360989.8813426987	4065795.6692734556
360989.5813393779	4065795.6662113387
360989.28133334726	4065795.663685306
360988.9813310937	4065795.6622244315
360988.68133842666	4065795.6624279087
360988.38136086654	4065795.664859566
360988.0813976401	4065795.669313312
360987.78144187195	4065795.6748365643
360987.4814864358	4065795.68044607
360987.1815263621	4065795.685439042
360986.8815645983	4065795.6901423675
360986.5816058969	4065795.695117921
360986.2816512479	4065795.700529761
360985.98169252154	4065795.7055775607
360985.68172025395	4065795.7093192167
360985.3817297651	4065795.711161303
360985.0817272469	4065795.7113027587
360984.78172039374	4065795.7100520018
360984.48171689955	4065795.707717455
360984.18172297283	4065795.7046323097
360983.8817369256	4065795.701261401
360983.58175445703	4065795.698113129
360983.28177126456	4065795.695695921
360982.98178324354	4065795.6944776024
360982.68178905436	4065795.6943582306
360982.3817893919	4065795.6948202425
360982.08178499795	4065795.6953364015
360981.7817766142	4065795.695379468
360981.48176569125	4065795.694640112
360981.18175649585	4065795.6936750207
360980.88175399444	4065795.6932559973
360980.5817631534	4065795.694154843
360980.28178879677	4065795.6971238786
360979.9818297631	4065795.7020965256
360979.68187684566	4065795.7079054276
360979.3819202716	4065795.7133058202
360979.0819502685	4065795.717052937
360978.78196035355	4065795.718317072
360978.4819567904	4065795.717876539
360978.18194892904	4065795.716899011
360977.8819461196	4065795.716552162
360977.5819574871	4065795.7179752686
360977.28198570665	4065795.721492834
360976.98202620057	4065795.726513181
360976.6820740047	4065795.7323958646
360976.38212415535	4065795.7385004396
360976.08217204217	4065795.74423897
360975.7822161197	4065795.7494786973
360975.4822564157	4065795.7543204566
360975.18229297054	4065795.7588669905
360974.88232582476	4065795.7632210394
360974.5823555284	4065795.767496544
360974.2823856653	4065795.7718741023
360973.9824209379	4065795.776558886
360973.6824660501	4065795.7817561035
360973.38252570387	4065795.7876708694
360973.082602297	4065795.794400435
360972.7826914859	4065795.8017265145
360972.48278770084	4065795.809373424
360972.1828853722	4065795.817065482
360971.88297928625	4065795.8245457606
360971.5830693573	4065795.8318274277
360971.283159347	4065795.8391263024
360970.9832531102	4065795.846663126
360970.6833544215	4065795.854653878
360970.38346183376	4065795.8630054113
360970.0835655683	4065795.8711313703
360969.7836551014	4065795.8784012864
360969.4837199091	4065795.88418469
360969.1837531457	4065795.8880619323
360968.883762435	4065795.890442744
360968.5837589589	4065795.891940785
360968.283753899	4065795.893169716
360967.98375678755	4065795.8946774355
360967.6837663315	4065795.8965802006
360967.38377687254	4065795.8988202177
360967.0837827401	4065795.9013392106
360966.7837815017	4065795.904164479
360966.4837912913	4065795.9078668794
360966.1838382913	4065795.9132299786
360965.8839486785	4065795.9210370076
360965.5841315619	4065795.931484395
360965.28434909903	4065795.943154379
360964.9845554441	4065795.954354045
360964.6847053828	4065795.96341382
360964.3847823669	4065795.969724142
360964.08480966755	4065795.9741478846
360963.78481349384	4065795.97765655
360963.4848197316	4065795.981210507
360963.1848427586	4065795.9853734584
360962.8848825807	4065795.9902137592
360962.58493830013	4065795.9957685946
360962.28500909795	4065796.0020755343
360961.98509564943	4065796.0091794035
360961.6851999589	4065796.017131482
360961.38532407687	4065796.025983274
360961.085470789	4065796.0357736815
360960.78564842936	4065796.0464464566
360960.4858678651	4065796.05790191
360960.1861399223	4065796.0700404695
360959.88646242034	4065796.0828437414
360959.5868033603	4065796.0964794382
360959.287126582	4065796.111141246
360958.98740421014	4065796.1270754808
360958.68780160346	4065796.145755954
360958.38867885404	4065796.169893495
360958.0904046389	4065796.202253466
360957.7933557121	4065796.245590176
360957.4982679173	4065796.3021664787
360957.20637146325	4065796.3735686317
360956.918932561	4065796.4613336185
360956.6372307757	4065796.5669659004
360956.3628612994	4065796.6912013004
360956.09773973573	4065796.833995344
360955.843796	4065796.995268706
360955.6029320608	4065797.1749168825
360955.3761235266	4065797.3720007637
360955.1632278175	4065797.584573803
360954.9640356148	4065797.8106293282
360954.7783376728	4065798.0481607444
360954.6062075769	4065798.29547128
360954.4486425047	4065798.551875883
360954.3068278544	4065798.8168956847
360954.18194902426	4065799.090051815
360954.07505556516	4065799.3707918986
360953.9861195929	4065799.657980561
360953.91459999984	4065799.9502047254
360953.8599525323	4065800.24604961
360953.82158123614	4065800.5441413634
360953.7982971175	4065800.8435756057
360953.78853232914	4065801.143747871
360953.7907128759	4065801.44405856
360953.8030898224	4065801.743958592
360953.8221444694	4065802.0434099357
360953.8433303174	4065802.342671359
360953.8620881998	4065802.642005284
360953.8742332035	4065802.941649892
360953.87934496533	4065803.2415995053
360953.87917971687	4065803.5417074533
360953.8755201522	4065803.8418253497
360953.87004809326	4065804.1418399923
360953.86405244516	4065804.441775213
360953.8587264578	4065804.7416882087
360953.85519819474	4065805.04163402
360953.8532896143	4065805.341624502
360953.8516156543	4065805.641631602
360953.84874592134	4065805.941625768
360953.84342099476	4065806.2415796844
360953.8355276467	4065806.541481036
360953.82542378304	4065806.8413236723
360953.81346875784	4065807.1411014604
360953.800111029	4065807.4408154427
360953.78617740225	4065807.740497122
360953.77259508613	4065808.040186086
360953.76029125846	4065808.339921919
360953.74993507436	4065808.639732894
360953.741313531	4065808.9396085935
360953.73402525706	4065809.2395303454
360953.7276688811	4065809.5394794736
360953.7219618975	4065809.839440166
360953.71718565235	4065810.1394101856
360953.7137885117	4065810.439391317
360953.7122188675	4065810.739385345
360953.71289338183	4065811.0393921975
360953.715928574	4065811.3393942253
360953.7212756325	4065811.6393641
360953.7288840227	4065811.9392743898
360953.73858340416	4065812.239103828
360953.7487605754	4065812.5389053766
360953.75684709125	4065812.8387811403
360953.76025745424	4065813.1388341007
360953.7571912514	4065813.4391329256
360953.752998582	4065813.7394337445
360953.7568503025	4065814.0393256876
360953.7773953531	4065814.338422314
