360950.3801117973	4065815.0437608063
360950.2213078657	4065814.7291746726
360950.21752042643	4065814.4001045567
360950.21030625695	4065814.052441069
360950.20543669286	4065813.675245289
360950.1887512969	4065813.2760067005
360950.17567298625	4065812.9433320723
360950.1686391722	4065812.5883242814
360950.1557412141	4065812.266743648
360950.149068109	4065811.933923844
360950.1545738473	4065811.612052855
360950.1471770258	4065811.2681390573
360950.1499751512	4065810.8907981017
360950.1456903135	4065810.5880923993
360950.14862743684	4065810.2089841464
360950.1512429097	4065809.8698603506
360950.1452912261	4065809.503758568
360950.14993655984	4065809.2009076825
360950.1460874485	4065808.837973784
360950.13726811775	4065808.4607780077
360950.1402902671	4065808.0580811836
360950.1518382192	4065807.6695010574
360950.1454852176	4065807.286112863
360950.13953049085	4065806.9515593727
360950.1351679695	4065806.6440747646
360950.1296546894	4065806.304939866
360950.1043561743	4065805.8868263625
360950.0914402033	4065805.4783726535
360950.0711230869	4065805.1550583295
360950.06079274643	4065804.7412675074
360950.07090018096	4065804.3288772767
360950.06674973917	4065804.01208666
360950.068646114	4065803.6902156756
360950.0900824896	4065803.3341837344
360950.09408969706	4065803.0257290606
360950.1058149712	4065802.6797912195
360950.1096982935	4065802.3374659442
360950.10518640274	4065801.9578026743
360950.0997675158	4065801.6035286905
360950.1087988191	4065801.2149485704
360950.10266679694	4065800.837752798
360950.099135105	4065800.428331984
360950.1075416963	4065800.038694927
360950.1301883967	4065799.6280173627
360950.13884643046	4065799.21701354
360950.160881919	4065798.907852785
360950.18361903203	4065798.4841746385
360950.24732792133	4065798.031944312
360950.3035814674	4065797.6180993957
360950.3667935172	4065797.216777438
360950.45331932267	4065796.7956893863
360950.55490908714	4065796.3910645964
360950.6637688237	4065796.004386459
360950.7656935507	4065795.622380715
360950.9182709245	4065795.3494467824
360951.1247199773	4065794.9528759522
360951.31695387943	4065794.5917609856
360951.488491345	4065794.3452479746
360951.70705681376	4065794.0531747728
360951.9909835634	4065793.7986605177
360952.2371044616	4065793.580271649
360952.4980126141	4065793.376432627
360952.758941411	4065793.2084471225
360953.09371590277	4065793.0287914514
360953.39099406864	4065792.885821338
360953.72214693355	4065792.7492919583
360954.0152199269	4065792.6446553203
360954.3646170361	4065792.5521002947
360954.711631841	4065792.468780635
360955.0740867124	4065792.396285777
360955.3892608627	4065792.350098087
360955.72490820475	4065792.3191243284
360956.0371040195	4065792.2918553716
360956.3764510852	4065792.286338902
360956.75133855076	4065792.269147774
360957.0638950581	4065792.264066841
360957.4197297517	4065792.2591330693
360957.77292964834	4065792.2420701715
360958.1842922488	4065792.213108934
360958.6234140492	4065792.2058501947
360958.97114692297	4065792.2236479754
360959.29916639795	4065792.2179844915
360959.61926107295	4065792.2117711585
360959.95878847834	4065792.2173488247
360960.3156558826	4065792.222611482
360960.6730436588	4065792.227898846
360961.0391812799	4065792.2219470646
360961.3862853783	4065792.20489996
360961.7429801417	4065792.1993809785
360962.12819289305	4065792.204216094
360962.49451084936	4065792.209358368
360962.85236968193	4065792.2146667074
360963.2095771133	4065792.2088601827
360963.5659720716	4065792.2138559907
360963.93328283244	4065792.21929
360964.2906706008	4065792.2245775135
360964.63813536946	4065792.229718528
360964.9864126136	4065792.224057239
360965.3527305632	4065792.2291996363
360965.7099379919	4065792.223393216
360966.0760756057	4065792.21744165
360966.4422132204	4065792.2114901007
360966.81728101964	4065792.205393407
360967.183418634	4065792.199441889
360967.558306101	4065792.182251235
360967.92561685626	4065792.1876854175
360968.28201180376	4065792.192681423
360968.6682525182	4065792.2098177485
360969.0057175002	4065792.203111669
360969.35435539624	4065792.2196385446
360969.7028129635	4065792.22507144
360970.0618942246	4065792.241769553
360970.3907979091	4065792.23608243
360970.72121477453	4065792.230711685
360971.0694920097	4065792.2250506436
360971.3892962668	4065792.209096465
360971.71895623213	4065792.1926799347
360972.05163209717	4065792.1979896883
360972.38413997676	4065792.1929647797
360972.7166852548	4065792.1997796986
360973.01900881366	4065792.1937882258
360973.32007909	4065792.19956594
360973.62370539835	4065792.194630766
360973.947643734	4065792.211939056
360974.39206199517	4065792.204335709
360974.6958686219	4065792.210494565
360975.15422475635	4065792.2145669637
360975.5774147782	4065792.2076884797
360976.0357570799	4065792.2109100143
360976.47333616513	4065792.2037976985
360976.7888093269	4065792.2101925705
360977.22347173875	4065792.191605208
360977.678911194	4065792.184202657
360978.12542046414	4065792.176945278
360978.56317986496	4065792.1809270615
360978.87044821336	4065792.1875099787
360979.17370977136	4065792.204720165
360979.6087328133	4065792.2083209087
360979.92438628164	4065792.2258098884
360980.35940932034	4065792.229410671
360980.8086549378	4065792.2225345247
360981.24331734754	4065792.203947366
360981.54386049724	4065792.177294306
360981.8680696911	4065792.1715993164
360982.200577561	4065792.16657479
360982.5218839203	4065792.1502556526
360982.99309272564	4065792.1422173246
360983.3368394894	4065792.1603272813
360983.66473042296	4065792.153836034
360983.99572510965	4065792.148495209
360984.32405094855	4065792.1427792152
360984.65160650504	4065792.1388064274
360985.0207857041	4065792.142552246
360985.36031305004	4065792.14813092
360985.69984039455	4065792.1537096067
360986.05874128966	4065792.159314397
360986.3773929799	4065792.165232396
360986.72735260753	4065792.17030061
360987.0864338053	4065792.186999434
360987.4348913289	4065792.1924330527
360987.78316854866	4065792.1867726925
360988.1223352757	4065792.170163489
360988.4442194668	4065792.153873981
360988.74867140764	4065792.1600686563
360989.16993670765	4065792.1533425576
360989.538091474	4065792.147538907
360989.8622081855	4065792.141545599
360990.2822165793	4065792.1468273248
360990.5934712183	4065792.152705526
360990.8987599497	4065792.159001041
360991.2022768436	4065792.153057418
360991.5404314305	4065792.1595093245
360991.84543046536	4065792.153701808
360992.1672777216	4065792.170665009
360992.4976945656	4065792.165295106
360992.8613823969	4065792.1712071165
360993.19815952494	4065792.1656344924
360993.58382783993	4065792.170463619
360993.91795456526	4065792.164407166
360994.2610318292	4065792.1594578894
360994.61716261855	4065792.153769555
360995.0074371253	4065792.1467012702
360995.3968356702	4065792.1520961667
360995.75757265696	4065792.134510406
360996.1328207152	4065792.1395089906
360996.4900281108	4065792.1337038567
360996.8615662828	4065792.139389076
360997.2368143408	4065792.14438771
360997.6157722784	4065792.1486997562
360998.04013450374	4065792.1645431784
360998.48445180076	4065792.157156244
360998.80554091156	4065792.162996295
360999.11676448566	4065792.1686945213
360999.43843142624	4065792.1745640044
360999.74569972546	4065792.1811476704
361000.1925695394	4065792.1960794283
361000.6086462015	4065792.1777406796
361001.0372950669	4065792.170774744
361001.4211127225	4065792.153440453
361001.736088688	4065792.1372460383
361002.0551558382	4065792.1431367416
361002.42129340954	4065792.137186732
361002.7409376489	4065792.133212992
361003.1626081304	4065792.1261507114
361003.49172310956	4065792.13173914
361003.81458250136	4065792.1256418074
361004.1628597037	4065792.1199821145
361004.5263672244	4065792.1148006287
361004.832623553	4065792.109098128
361005.1989414044	4065792.1142422296
361005.52935823624	4065792.1088728304
361005.8329845124	4065792.103938799
361006.20823254733	4065792.108937827
361006.62795122236	4065792.10211729
361006.9317577788	4065792.1082772883
361007.2443142385	4065792.10319819
361007.55705097987	4065792.1092130947
361007.91222742264	4065792.1164335515
361008.24673753843	4065792.110323254
361008.5486620189	4065792.1152931913
361008.90048917057	4065792.0991053926
361009.3470904476	4065792.1138958605
361009.65845646575	4065792.119832696
361009.9778520909	4065792.1142628016
361010.3251464758	4065792.108927143
361010.7013773079	4065792.1136025824
361011.10350920074	4065792.1184194866
361011.4874138137	4065792.111926637
361011.9071324808	4065792.105106359
361012.31810123904	4065792.1095252056
361012.72937325557	4065792.0919592483
361013.14909192343	4065792.085139031
361013.58700064925	4065792.0780065143
361014.0408200089	4065792.0928260675
361014.4872045848	4065792.096654681
361014.94375571946	4065792.077956776
361015.372584838	4065792.0820855517
361015.8190940555	4065792.0748301405
361016.29239382624	4065792.0671394295
361016.7567634103	4065792.059593852
361017.2389933648	4065792.0517580877
361017.71993131563	4065792.0441256957
361018.17806234077	4065792.025571408
361018.65731827647	4065792.0288809687
361019.122048388	4065792.043523503
361019.56864659215	4065792.0701729646
361019.9724133241	4065792.07415764
361020.37588451494	4065792.090671097
361020.7422023264	4065792.095815863
361021.05212204583	4065792.0789157622
361021.36636085773	4065792.084565803
361021.7548434821	4065792.067702626
361022.0818154517	4065792.0515975985
361022.3950338486	4065792.057975243
361022.70588848076	4065792.0628005774
361023.06713494915	4065792.058433945
361023.46006305167	4065792.0520495353
361023.7685803943	4065792.0455336487
361024.1212571909	4065792.063500143
361024.5170454159	4065792.0685584024
361024.8228828873	4065792.061693925
361025.2089431347	4065792.067738812
361025.5273551996	4065792.0732921334
361025.86562514474	4065792.078767858
361026.2165323684	4065792.072340636
361026.57746996277	4065792.0671024607
361026.98470844794	4065792.0709563065
361027.3778167965	4065792.075666069
361027.8019986545	4065792.0804169746
361028.2083239075	4065792.0621721884
361028.6371529895	4065792.066301629
361028.9409594952	4065792.07246241
361029.2423268199	4065792.0568487504
361029.56607237004	4065792.0623058327
361029.88755899115	4065792.0570824672
361030.20922586246	4065792.0629531057
361030.5396426677	4065792.0575846727
361030.85905060865	4065792.052774877
361031.20976695634	4065792.068890735
361031.5580441264	4065792.0632321574
361031.9162442944	4065792.0577201857
361032.26352865266	4065792.0517699537
361032.6387766215	4065792.05677014
361033.01402459014	4065792.0617703423
361033.3897943056	4065792.067041354
361033.7286195404	4065792.061257161
361034.1047497426	4065792.0887161875
361034.4724278442	4065792.0947808754
361034.8100729972	4065792.0991713824
361035.1784530906	4065792.116600887
361035.5069878133	4065792.110042518
361035.856958403	4065792.115794484
361036.1856817752	4065792.099015901
361036.53565236373	4065792.1047678944
361036.866249399	4065792.1104936968
361037.1974242692	4065792.1162489234
361037.5363736548	4065792.1218002555
361037.8671509269	4065792.1386200883
361038.18694411387	4065792.121986667
361038.4974218615	4065792.117322242
361038.8390277566	4065792.1224895045
361039.1632507224	4065792.1176476004
361039.4728905535	4065792.1010945756
361039.7940166887	4065792.0736835995
361040.11823965365	4065792.068841731
361040.54142957996	4065792.061966464
361041.0032334417	4065792.065615417
361041.4231323051	4065792.0698905797
361041.8215288331	4065792.062937992
361042.25035787973	4065792.067068114
361042.68282888323	4065792.0827161884
361043.0963632479	4065792.0759433
361043.39742379927	4065792.082203815
361043.82243064296	4065792.0637220913
361044.2600096353	4065792.056613244
361044.684851847	4065792.02799768
361045.1348071563	4065792.020207634
361045.5545257813	4065792.0133890077
361045.9521188151	4065792.007475846
361046.35479616246	4065792.0008682855
361046.7736741483	4065792.0163230333
361047.1535693079	4065792.020702359
361047.58586007135	4065792.0252566906
361047.99939442676	4065792.018484039
361048.30592342315	4065792.0241757105
361048.60954965884	4065792.0192431975
361048.9129956677	4065792.003216703
361049.3631467954	4065792.007480979
361049.8009060032	4065792.0114664054
361050.23812006146	4065792.026503019
361050.67623971327	4065792.052676474
361050.98022639035	4065792.069932029
361051.2842130653	4065792.087187594
361051.60559498816	4065792.1152116945
361051.9076708632	4065792.1432154807
361052.2410797613	4065792.1936636367
361052.5851161956	4065792.2576001165
361052.9267907126	4065792.3210776825
361053.25864924036	4065792.40446206
361053.59786197	4065792.500975576
361053.9172614752	4065792.5974563775
361054.2526638164	4065792.7299682153
361054.54965110257	4065792.867879526
361054.84377780906	4065792.989733027
361055.11259213544	4065793.1501805317
361055.36939859664	4065793.337177385
361055.6278695078	4065793.565710317
361055.86561239697	4065793.8898763773
361056.2086120451	4065794.1305742254
361056.48684835463	4065794.5097887437
361056.6469289991	4065794.7694552494
361056.7802463135	4065795.041267871
361056.8759003153	4065795.33558299
361056.9518471304	4065795.7413348444
361057.03374124086	4065796.0398326507
361057.0735933768	4065796.344131198
361057.1174450127	4065796.783352239
361057.13217229175	4065797.0918252277
361057.13032302563	4065797.511626812
361057.13699098077	4065797.9221044965
361057.1259787983	4065798.343966302
361057.12329939887	4065798.755177677
361057.12984389294	4065799.1317847613
361057.1537255751	4065799.5209963834
361057.17843409866	4065799.942277932
361057.1922835358	4065800.242373744
361057.20883526927	4065800.6951671727
361057.2161094799	4065801.1592082256
361057.2211555029	4065801.4698399873
361057.2320766705	4065801.779860812
361057.2225216032	4065802.10173163
361057.21890826774	4065802.415025987
361057.2216114954	4065802.756567259
361057.22079100786	4065803.0808105455
361057.2236744513	4065803.4160102266
361057.2407143069	4065803.757398965
361057.2555200833	4065804.1313972315
361057.2609074398	4065804.4647518275
361057.26640449517	4065804.7889951156
361057.26008695574	4065805.141240593
361057.2596460059	4065805.485154332
361057.2620603022	4065805.7964660116
361057.27520607685	4065806.1279277788
361057.25726508664	4065806.440062587
361057.26258193015	4065806.7532118876
361057.25606017065	4065807.075082708
361057.2457879359	4065807.425279494
361057.2430091511	4065807.760293001
361057.23928613326	4065808.0826986698
361057.244891914	4065808.42607756
361057.24784685904	4065808.750855704
361057.2618508364	4065809.1057183724
361057.2790709156	4065809.4303580145
361057.2849902496	4065809.7823067964
361057.3078879289	4065810.1062674304
361057.3021388307	4065810.4501811727
361057.3013898642	4065810.7918600384
361057.2978661673	4065811.124824853
361057.2917479574	4065811.488164321
361057.2821775507	4065811.8211291363
361057.2698848111	4065812.165867857
361057.2578104901	4065812.520630874
361057.24553685606	4065812.864834746
361057.2332441221	4065813.2095734677
361057.2303516794	4065813.5672438093
361057.22700821026	4065813.911302618
361057.2114877808	4065814.266600485
361057.2029301059	4065814.641033942
361057.19121250114	4065815.0180476666
361057.16077134	4065815.382095341
361057.12189666927	4065815.776376345
361057.03591251787	4065816.159559894
361056.9943254054	4065816.5382062686
361056.85152354906	4065816.9060487845
361056.7186421101	4065817.2685001763
361056.575834447	4065817.6174437897
361056.429067867	4065817.930541685
361056.2588436252	4065818.2439499646
361056.07400778873	4065818.541489228
361055.90884667676	4065818.798890716
361055.65089080826	4065819.141829308
361055.35291901673	4065819.464682223
361055.0603107214	4065819.7377753356
361054.83773063886	4065819.996068317
361054.5151592544	4065820.1583766704
361054.17048765655	4065820.385914184
361053.9093670229	4065820.5373418746
361053.64860144345	4065820.688344501
361053.37637926184	4065820.8226647153
361053.11956747953	4065821.019280398
361052.7382742286	4065821.132647535
361052.3785407384	4065821.2808666443
361052.0108633096	4065821.4173402633
361051.69628685823	4065821.550639281
361051.35399694165	4065821.672143372
361051.01274707005	4065821.767466584
361050.65406266996	4065821.862879883
361050.2510796404	4065821.958865541
361049.859594755	4065822.0540006952
361049.49495703593	4065822.128382705
361049.16232365475	4065822.191105164
361048.85941939906	4065822.2404136565
361048.51474635245	4065822.297786718
361048.1303546412	4065822.3408231805
361047.8073870816	4065822.3694845233
361047.49501199997	4065822.3856561636
361047.1644868638	4065822.390014898
361046.78996715555	4065822.418293066
361046.39696379734	4065822.425688547
361046.09351886786	4065822.4417151585
361045.7543533346	4065822.458322097
361045.3660737774	4065822.4640840227
361044.94188976137	4065822.482618193
361044.6295146841	4065822.498789939
361044.279545282	4065822.493037648
361043.94153253594	4065822.487773052
361043.6021867713	4065822.493286082
361043.25373061886	4065822.4878502116
361042.89483106433	4065822.4822430597
361042.556998548	4065822.4880725103
361042.19809898874	4065822.4824653873
361041.8602664728	4065822.4882948645
361041.51904698083	4065822.4713036125
361041.1968034426	4065822.465403169
361040.86407919694	4065822.4474916244
361040.558830054	4065822.430077819
361040.2459142618	4065822.4129677485
361039.94532051444	4065822.408056853
361039.64378643734	4065822.413335495
361039.31319057546	4065822.407609619
361038.97384480125	4065822.4131228323
361038.6344990269	4065822.418636059
361038.2862231006	4065822.4242943847
361037.9199066284	4065822.4191489033
361037.54431842896	4065822.4249717207
361037.1876341659	4065822.4310459727
361036.8214979347	4065822.436994531
361036.47340224916	4065822.4537469232
361036.125306565	4065822.470499328
361035.7787130573	4065822.4868863784
361035.39347970334	4065822.5043286323
361035.00046790316	4065822.5109684374
361034.6075412169	4065822.5173523575
361034.2144892608	4065822.534602336
361033.8038275374	4065822.530410432
361033.3836565164	4065822.51478869
361032.9906429627	4065822.5103316964
361032.57104831445	4065822.4829326184
361032.2044290864	4065822.500911755
361031.847223004	4065822.5067154346
361031.5184898023	4065822.522812474
361031.1888310001	4065822.539226728
361030.85651687335	4065822.556102699
361030.55533095496	4065822.5828103214
361030.24087713513	4065822.5993961305
361029.930580816	4065822.6151548764
361029.5980864417	4065822.620936905
361029.27432962926	4065822.6147205345
361028.9700591178	4065822.6196184424
361028.6691703758	4065822.624932794
361028.36808755615	4065822.6183022456
361028.0407825403	4065822.6014264147
361027.585164532	4065822.5977323395
361027.1295465178	4065822.5940382867
361026.6857753404	4065822.6016742634
361026.38215016725	4065822.6066075857
361026.078524995	4065822.6115409196
361025.77489982155	4065822.6164742634
361025.3249304074	4065822.6233052663
361024.8818846065	4065822.6309841624
361024.4175166936	4065822.638529347
361024.1049613683	4065822.6436078497
361023.7834758901	4065822.6488314653
361023.47967045585	4065822.6426709
361023.17604528187	4065822.647604337
361022.8634899559	4065822.6526828855
361022.55075436726	4065822.6466674525
361022.2290886261	4065822.640797135
361021.9076031448	4065822.6460208204
361021.57427082007	4065822.6399145206
361021.2555217688	4065822.64551934
361020.9055523163	4065822.639768006
361020.58558008505	4065822.6453081165
361020.2549841877	4065822.639582977
361019.90670824714	4065822.6452420508
361019.57611234864	4065822.639516937
361019.2455164467	4065822.6337918355
361018.91492054414	4065822.628066746
361018.5843246407	4065822.6223416706
361018.2427074999	4065822.616415931
361017.9126894274	4065822.6107202885
361017.5822737889	4065822.616089245
361017.26896035345	4065822.610044597
361016.9584961046	4065822.615469146
361016.6168789582	4065822.6095434697
361016.30641470914	4065822.614968042
361015.9847489527	4065822.609097958
361015.6601664957	4065822.591752789
361015.335934418	4065822.584667803
361014.8768692327	4065822.5938095357
361014.5476167396	4065822.609948816
361014.21621821955	4065822.6156416885
361013.89473272907	4065822.6208656756
361013.59128781623	4065822.636893443
361013.2504287691	4065822.642091303
361012.92818517255	4065822.6361919264
361012.6066996819	4065822.6414159625
361012.30534585635	4065822.6577895596
361011.8500883523	4065822.676284306
361011.5377132906	4065822.6924572624
361011.2275972516	4065822.71931068
361010.9262442802	4065822.745278205
361010.612781691	4065822.7736432473
361010.16825961304	4065822.858490556
361009.7470286201	4065822.970357634
361009.44283326657	4065823.044597504
361009.04041277996	4065823.210455835
361008.7566309862	4065823.337133472
361008.3590585808	4065823.568052038
361008.0315444665	4065823.822345611
361007.67702584376	4065824.1295208842
361007.43022667064	4065824.3332760446
361007.2168404976	4065824.5533347866
361007.0016521343	4065824.785865079
361006.8008136324	4065825.023158807
361006.6079136334	4065825.2709454815
361006.4536661774	4065825.5448583504
361006.30898878706	4065825.842472565
361006.1860068268	4065826.130292141
361006.0877697059	4065826.4429963604
361006.0158609827	4065826.741700889
361005.9689293223	4065827.0445113527
361005.9402085739	4065827.3487739717
361005.9184660603	4065827.659841127
361005.9146983929	4065827.9614306726
361005.92167699494	4065828.407105576
361005.9269576532	4065828.715822182
361005.95113599673	4065829.1264022696
361005.97566676856	4065829.5365897645
361005.9828655284	4065829.979575952
361005.99883115274	4065830.3902895018
361005.99696720473	4065830.844086175
361005.98652911704	4065831.2985256496
361005.97371676355	4065831.609447688
361005.96072412963	4065831.909275732
361005.94770091126	4065832.20980825
361005.9370519642	4065832.6538582034
361005.93316975894	4065832.964635125
361005.92943269096	4065833.265520203
361005.9275993414	4065833.7186124045
361005.92350627115	4065834.018999806
361005.91069393005	4065834.3299218453
361005.90702260006	4065834.6510882853
361005.9096611209	4065834.963626715
361005.91100715013	4065835.4297195366
361005.90448643174	4065835.75159045
361005.91253346455	4065836.0733162463
361005.91794197605	4065836.406136033
361005.9231702042	4065836.727861828
361005.93750885484	4065837.060536496
361005.94291736715	4065837.393356285
361005.9481455961	4065837.715082081
361005.9530046592	4065838.028238921
361005.94967191794	4065838.3586787926
361005.9459700128	4065838.680549707
361005.9419732739	4065839.0005139913
361005.9291609509	4065839.3114360343
361005.8913803759	4065839.7749148323
361005.86009003065	4065840.230639262
361005.79471799853	4065840.5321282507
361005.75658080773	4065840.832517416
361005.73162453546	4065841.164051852
361005.6823160231	4065841.464460383
361005.60091634677	4065841.776108029
361005.5661185039	4065842.078691996
361005.4634484551	4065842.408798238
361005.38007360813	4065842.717753718
361005.34889869735	4065843.0303174173
361005.19849550625	4065843.32035756
361005.1049514781	4065843.610397707
361004.98461706564	4065843.900873217
361004.8523011235	4065844.199452911
361004.70530225843	4065844.48537453
361004.56331199716	4065844.766387383
361004.3917570859	4065845.047175132
361004.2165660881	4065845.3178865183
361004.0222271516	4065845.603468936
361003.83393195644	4065845.8564281315
361003.62415837543	4065846.114546679
361003.4087472376	4065846.367767119
361003.19821020943	4065846.6042239186
361002.9814002594	4065846.8244914305
361002.75672163913	4065847.03213156
361002.5294734767	4065847.230277015
361002.17309881886	4065847.522296819
361001.94279453944	4065847.7742534736
361001.58098630665	4065847.9592524474
361001.32536202774	4065848.124210395
361001.0818019488	4065848.3547592713
361000.70562974486	4065848.483603102
361000.3538975599	4065848.6589100887
360999.99583847413	4065848.791882592
360999.6512286421	4065848.8934826897
360999.33082588005	4065848.9652712126
360998.9943209788	4065849.028697417
360998.65444413794	4065849.078733589
360998.2913229974	4065849.107554399
360997.9675456614	4065849.134284418
360997.6219241855	4065849.140627012
360997.29150954995	4065849.1459967825
360996.9354967575	4065849.1398349646
360996.61263973074	4065849.1459326274
360996.2886821018	4065849.1615687166
360995.88054974785	4065849.168927293
360995.4699442809	4065849.186697301
360995.0540352546	4065849.215170259
360994.73821489915	4065849.2318800534
360994.43477093836	4065849.247908531
360993.97951484786	4065849.2664042716
360993.504127058	4065849.273750528
360993.0597119423	4065849.2813529717
360992.6221358029	4065849.288464525
360992.17562953685	4065849.295721234
360991.86033865635	4065849.300419844
360991.42567931244	4065849.319006553
360991.1220550537	4065849.323941156
360990.6964923077	4065849.3526258334
360990.2438015064	4065849.359928545
360989.8277277955	4065849.3782678843
360989.39908177976	4065849.385234465
360988.96150564094	4065849.392346205
360988.52374919364	4065849.388363974
360988.0772429259	4065849.3956208974
360987.76450823277	4065849.389606765
360987.3178216563	4065849.3857697356
360986.8889953301	4065849.381642447
360986.57261845004	4065849.3641104447
360986.1470736816	4065849.3493131218
360985.69728998723	4065849.3229070925
360985.27101983305	4065849.30806699
360984.8042015337	4065849.2930806023
360984.3566892876	4065849.278114413
360983.90107257204	4065849.2744227047
360983.5912546689	4065849.2798838145
360983.2787002722	4065849.2849638388
360982.9572157512	4065849.290189019
360982.6269814169	4065849.3066533473
360982.2876366448	4065849.312168841
360981.9572219973	4065849.3175392034
360981.59850366204	4065849.323028645
360981.2696023257	4065849.3287154036
360980.92132742715	4065849.334376097
360980.5631294646	4065849.3398902724
360980.2426378803	4065849.345407234
360979.9032931052	4065849.3509228225
360979.55483788694	4065849.3454895774
360979.21531279373	4065849.3399112
360978.8670378927	4065849.3455719776
360978.5185826703	4065849.3401387744
360978.1792378947	4065849.3456544317
360977.81192948495	4065849.340219878
360977.46347426	4065849.334786719
360977.12512241857	4065849.3405940956
360976.7751538835	4065849.3348445976
360976.44625254156	4065849.3405315415
360976.1069077633	4065849.3460472804
360975.77649310994	4065849.3514178814
360975.45726771065	4065849.367323781
360975.12477425387	4065849.3731079614
360974.79453992564	4065849.389572595
360974.49109597463	4065849.40560178
360974.178721898	4065849.4217761317
360973.75043651497	4065849.450931485
360973.3254170749	4065849.468456662
360972.88421432	4065849.4650114337
360972.42604141514	4065849.472033236
360971.9702443471	4065849.457248169
360971.66643973964	4065849.4510894674
360971.2025382167	4065849.4475789093
360970.8816315243	4065849.4528339496
360970.55938882806	4065849.446936195
360970.2399954457	4065849.4525076263
360969.90958079154	4065849.4578784546
360969.559612243	4065849.452129252
360969.2202674601	4065849.457645264
360968.88092267787	4065849.46316129
360968.5520213314	4065849.4688485377
360968.2037464231	4065849.4745097496
360967.8627079935	4065849.468615454
360967.54273677536	4065849.474157581
360967.1925878848	4065849.4573144787
360966.86181255546	4065849.440497437
360966.5221070996	4065849.4238255685
360966.20177520363	4065849.407179758
360965.8605564328	4065849.3901915485
360965.53813338553	4065849.373199989
360965.2081162222	4065849.3675064114
360964.8858735084	4065849.36160887
360964.5755905814	4065849.3781293454
360964.2362457905	4065849.383645555
360963.90583112644	4065849.3890166148
360963.5843465884	4065849.3942425237
360963.24291064957	4065849.3994130013
360962.92519982357	4065849.4157133135
360962.59478515846	4065849.421084423
360962.25393814105	4065849.426966098
360961.9235234744	4065849.432337234
360961.6020389342	4065849.437563217
360961.2894845206	4065849.4426440443
360960.96781963826	4065849.4367760583
360960.655265225	4065849.4418569095
360960.33378068433	4065849.4470829405
360960.03287905664	4065849.4515488124
360959.6974702349	4065849.4459501016
360959.2532354209	4065849.464648297
360958.8121973681	4065849.4713376695
360958.4048734384	4065849.4784393767
360958.00265706715	4065849.462784033
360957.6095511657	4065849.4580775327
360957.2164452679	4065849.4533710517
360956.7919051853	4065849.4264357346
360956.37654381385	4065849.3982921476
360955.95770484576	4065849.360969148
360955.5655566932	4065849.324225292
360955.16391695314	4065849.2864471697
360954.7642378846	4065849.2355439034
360954.36275661626	4065849.1536061903
360953.97100389434	4065849.0568680074
360953.5815341321	4065848.9373009796
360953.22746524785	4065848.8085638145
360952.8757636643	4065848.6342862807
360952.56686420797	4065848.45412565
360952.2750375284	4065848.2743935254
360951.979170086	4065848.045542701
360951.71415544493	4065847.8396347007
360951.46275826043	4065847.598964017
360951.31314098707	4065847.338005379
360951.06222743983	4065847.0775102014
360950.8938192203	4065846.8047899115
360950.75194196583	4065846.5119851497
360950.6220505515	4065846.2144797985
360950.51741956	4065845.8555099256
360950.4693421497	4065845.509365359
360950.40372232976	4065845.154561472
360950.3709801942	4065844.7888952037
360950.3574657962	4065844.4112698934
360950.33210595767	4065844.046033142
360950.32535742165	4065843.6571686575
360950.31011483393	4065843.269024046
360950.29479771235	4065842.85747934
360950.2983917056	4065842.5479144375
360950.2934322311	4065842.2287061843
360950.2766563105	4065841.7603860456
360950.280470617	4065841.429327684
360950.2660153197	4065841.1058404027
360950.2721311568	4065840.7704955423
360950.2640342423	4065840.4203851703
360950.2672828639	4065840.0849026064
360950.27089281724	4065839.743361185
360950.26521130325	4065839.4080237984
360950.2687307702	4065839.075058804
360950.26341058954	4065838.7336625615
360950.2665502549	4065838.379044423
360950.2519576976	4065838.04331737
360950.24600596307	4065837.677215572
360950.240054229	4065837.3111137743
360950.22517235635	4065836.9451571545
360950.2283311178	4065836.590004174
360950.22526507353	4065836.2239023754
360950.2253577941	4065835.8576554
360950.2285879535	4065835.4944608365
360950.225630871	4065835.147494616
360950.21704520367	4065834.7844452295
360950.2112024346	4065834.43747901
360950.21463204804	4065834.084843592
360950.20895054174	4065833.749506215
360950.21265037794	4065833.427635216
360950.22519049275	4065833.0859486116
360950.2379103426	4065832.783602864
360950.2417905378	4065832.47282586
360950.2547459502	4065832.1520118364
360950.2587759229	4065831.7179987496
360950.2494633162	4065831.2964269854
360950.2451347914	4065830.8959762934
360950.21878952277	4065830.4864631984
360950.21374786115	4065830.076130608
360950.17865279753	4065829.665943195
360950.1623363712	4065829.2338152113
360950.13996719563	4065828.8344743736
360950.11399091495	4065828.4578163596
360950.1354974602	4065828.1006226004
360950.15687725384	4065827.767367254
360950.1787981137	4065827.4673938914
360950.1990957807	4065827.067574584
360950.2211139005	4065826.766183796
360950.242396449	4065826.4343458745
360950.25400221976	4065826.05899109
360950.2738690321	4065825.6385094863
360950.3116467349	4065825.1750303525
360950.3426120308	4065824.8737055985
360950.38334862207	4065824.5534099406
360950.43143358635	4065824.232583337
360950.46649615053	4065823.910327759
360950.5768544855	4065823.57891621
360950.66231877357	4065823.250884391
360950.7566771612	4065822.946591656
360950.87059975124	4065822.637561463
360950.9995021654	4065822.324751988
360951.0734702374	4065822.0155544733
360951.3112296222	4065821.735591458
360951.4737984773	4065821.4676002185
360951.67105791025	4065821.213266432
360951.95543334313	4065820.8704056465
360952.1816229838	4065820.6391495806
360952.48912861425	4065820.323436628
360952.72997718217	4065820.120824487
360952.9653885435	4065819.930437344
360953.22879685735	4065819.754255307
360953.5110312524	4065819.577766431
360953.8022284877	4065819.419651682
360954.0954224314	4065819.2776011596
360954.3790232915	4065819.139827697
360954.6939661259	4065819.030415788
360955.009464736	4065818.935291413
360955.3198402906	4065818.850683692
360955.65190398827	4065818.776731342
360955.9825614804	4065818.737094131
360956.31243629946	4065818.6984408195
360956.6626108593	4065818.6812716117
360957.0124002777	4065818.6759263296
360957.3504134004	4065818.6811874975
360957.70213592885	4065818.710111555
360958.0422033242	4065818.748971096
360958.37158778927	4065818.7648005
360958.6940120084	4065818.781791821
360959.02460820536	4065818.7875145893
360959.34418316634	4065818.793036766
360959.685222761	4065818.7989307554
360959.994582553	4065818.7828049255
360960.3266809066	4065818.788162361
360960.657096757	4065818.782791197
360960.99644276616	4065818.77727488
360961.3357887757	4065818.7717585773
360961.6736326267	4065818.7666076687
360962.03135824826	4065818.760759473
360962.40740775	4065818.754338759
360962.75452071417	4065818.737907146
360963.1305702201	4065818.7314864644
360963.4961939724	4065818.7258223626
360963.8808838386	4065818.7303867307
360964.2559504785	4065818.724289891
360964.63994727714	4065818.7180479052
360965.0328742318	4065818.7116607754
360965.41678593	4065818.705674729
360965.8189084774	4065818.7099805614
360966.22076558927	4065818.7034483245
360966.62280303467	4065818.7080101003
360967.02466014615	4065818.7014779015
360967.4265172585	4065818.6949457224
360967.82837436994	4065818.6884135613
360968.2302314794	4065818.6818814194
360968.6229781022	4065818.6644004607
360969.0246548834	4065818.646774365
360969.42651199247	4065818.6402422786
360969.8283691036	4065818.633710212
360970.2393367011	4065818.6381269996
360970.64119381155	4065818.6315949713
360971.0519810789	4065818.6249178057
360971.4540185155	4065818.6294798087
360971.8471257936	4065818.6341869854
360972.25779542536	4065818.638841631
360972.6514743589	4065818.65465808
360973.05351178895	4065818.6592201577
360973.437595529	4065818.663819558
360973.8308831245	4065818.67962082
360974.21506023547	4065818.6844732584
360974.6081675028	4065818.68918056
360975.01047862234	4065818.7050897256
360975.3950841622	4065818.7099600043
360975.78748929733	4065818.703302577
360976.17166640173	4065818.708155104
360976.5466479279	4065818.7023147075
360976.92128692305	4065818.6962501258
360977.31472659233	4065818.689575954
360977.7083556566	4065818.694554189
360978.0739703182	4065818.688332313
360978.4490369408	4065818.682236096
360978.8151734088	4065818.6762850434
360979.1813098731	4065818.6703340057
360979.54744633764	4065818.6643829835
360979.91340248723	4065818.6473379857
360980.27060879464	4065818.6415321412
360980.627815102	4065818.6357263117
360980.99494443636	4065818.630067029
360981.3532203779	4065818.6362536643
360981.70078752056	4065818.6407885756
360982.0492439815	4065818.6462219427
360982.3875971037	4065818.6404147972
360982.74649696273	4065818.6460194173
360983.0753995515	4065818.6403327514
360983.4238560102	4065818.6457661754
360983.7808820026	4065818.6288664844
360984.1114781429	4065818.6345902197
360984.4530955192	4065818.640514603
360984.78369165683	4065818.646238364
360985.1315702778	4065818.651642451
360985.4802070381	4065818.668169949
360985.818220089	4065818.673432242
360986.1773002475	4065818.690131
360986.5426255744	4065818.6952286926
360986.899310067	4065818.6891523344
360987.2656268277	4065818.694295634
360987.64962359704	4065818.6880546813
360988.0329273293	4065818.671007361
360988.42654729105	4065818.6754276915
360988.8291064857	4065818.6802613027
360989.22151160386	4065818.6736044926
360989.62367421354	4065818.667301307
360990.03464175557	4065818.671719046
360990.4542339269	4065818.6757637197
360990.8652014657	4065818.6801814986
360991.2935528166	4065818.6956276447
360991.7400910491	4065818.7105475464
360992.19540445646	4065818.7142298226
360992.6253439539	4065818.7070600763
360993.0546552575	4065818.7002968634
360993.5006796624	4065818.7039310774
360993.93796115916	4065818.719232223
360994.36678900145	4065818.723359907
360994.78704553016	4065818.7276458787
360995.1981933509	4065818.743157858
360995.6004110136	4065818.758814989
360996.00320030196	4065818.785581374
360996.4230625272	4065818.8349136477
360996.8174833728	4065818.8729766365
360997.2198813168	4065818.899727835
360997.59572079557	4065818.91508216
360997.9798978322	4065818.9199356628
360998.3642551623	4065818.935883177
360998.73104294826	4065818.9410478575
360999.09688860446	4065818.946170777
360999.4547462319	4065818.951480614
360999.8109596316	4065818.9453839064
361000.1493227215	4065818.940192931
361000.5065289908	4065818.9343879307
361000.8729552636	4065818.9173076455
361001.230854558	4065818.922309065
361001.5791306703	4065818.9166492335
361001.92758707085	4065818.9220834095
361002.30471613276	4065818.9282723563
361002.64217989607	4065818.921567566
361003.0094894778	4065818.9270032225
361003.37580618757	4065818.932147212
361003.7507622755	4065818.9482192015
361004.12576099194	4065818.9642943065
361004.50100785354	4065818.9692932237
361004.87598105706	4065818.9629451623
361005.2606798837	4065818.9680697876
361005.63504436816	4065818.9506099755
361006.0004877722	4065818.933853699
361006.3848169578	4065818.91623199
361006.75044064375	4065818.9105697377
361007.13486500626	4065818.904297958
361007.50932367414	4065818.887140724
361007.89383314183	4065818.880613076
361008.2590962689	4065818.852762902
361008.6434254577	4065818.8351412965
361009.0095618797	4065818.8291915357
361009.3479249633	4065818.8240009244
361009.70461193245	4065818.8182378965
361010.07261107	4065818.8341107913
361010.4293045986	4065818.8285938115
361010.7797869582	4065818.8340571164
361011.1364728481	4065818.8282278692
361011.4736627816	4065818.8116516685
361011.85882265796	4065818.8161820085
361012.2336238537	4065818.7992491834
361012.6087755329	4065818.7928985613
361012.9550086523	4065818.7543225894
361013.34032727685	4065818.736623425
361013.7244173841	4065818.730636647
361014.05287709343	4065818.703191931
361014.42926556506	4065818.6856379276
361014.7662281746	4065818.6480924175
361015.12323399045	4065818.6081207725
361015.4804187432	4065818.568992835
361015.8271141147	4065818.51988448
361016.1938592585	4065818.46859601
361016.5008114868	4065818.379760859
361016.8098404844	4065818.2865268686
361017.11992299714	4065818.1769240387
361017.4094424716	4065818.040349848
361017.68080611434	4065817.8976365454
361017.96388299915	4065817.733223592
361018.30963117874	4065817.4647501465
361018.6441095123	4065817.163396682
361018.8672135038	4065816.9321319107
361019.0995263379	4065816.680006767
361019.2881290344	4065816.435884748
361019.4632819164	4065816.177909885
361019.6373784894	4065815.8976579756
361019.8224092318	4065815.4984732573
361019.94100197364	4065815.200820555
361020.0027320343	4065814.907001449
361020.151821535	4065814.605722402
361020.2673090913	4065814.292776653
361020.33704001474	4065813.863949519
361020.39051226113	4065813.5548717673
361020.4824445991	4065813.2517484846
361020.5156415645	4065812.9299319405
361020.5521473269	4065812.5963866506
361020.5876468465	4065812.2680452475
361020.5938921647	4065811.9344004234
361020.60336984176	4065811.5989180095
361020.6067833219	4065811.246817541
361020.61925486656	4065810.9131727163
361020.65091738006	4065810.5517941993
361020.67997283407	4065810.216731656
361020.74038071185	4065809.88519018
361020.81588511803	4065809.5843464574
361020.9382280894	4065809.2838846804
361021.04981370014	4065809.0046485304
361021.2465084139	4065808.6002293807
361021.45904192945	4065808.2123098057
361021.7077152642	4065807.8466837592
361021.90953486256	4065807.5987871615
361022.2097223567	4065807.2721997728
361022.53343512816	4065806.972255934
361022.89066978596	4065806.684546418
361023.23894012714	4065806.426547129
361023.48628098203	4065806.25607443
361023.74690295383	4065806.089111798
361024.13792690483	4065805.900664748
361024.5391628032	4065805.7347319494
361024.9330359261	4065805.6139662666
361025.33727295825	4065805.5382459564
361025.76469768904	4065805.495859286
361026.1617493207	4065805.4566632104
361026.59466273646	4065805.449083233
361027.0360633413	4065805.464585403
361027.4365649413	4065805.5155445486
361027.8077993218	4065805.5742585957
361028.2359825905	4065805.7135888087
361028.5955326616	4065805.852006897
361028.93370393175	4065806.000293787
361029.2725425818	4065806.184253088
361029.56119201425	4065806.3571139453
361029.8186407853	4065806.5231106835
361030.1235606272	4065806.7440005345
361030.38578002097	4065806.9394846843
361030.6609409412	4065807.1597214774
361030.96246787335	4065807.4012442892
361031.25808275223	4065807.627187025
361031.5387031719	4065807.8556629983
361031.8403491908	4065808.057560541
361032.1434499449	4065808.296509667
361032.4236597419	4065808.4779657256
361032.73407399206	4065808.66920681
361033.0721384322	4065808.8552877107
361033.4027753985	4065808.993893093
361033.7500320933	4065809.105229889
361034.09724392317	4065809.180278234
361034.4427674159	4065809.239509667
361034.76706361235	4065809.244612032
361035.12427024636	4065809.238808491
361035.49018846184	4065809.1795299
361035.8961694273	4065809.0892082253
361036.18960320466	4065809.006762396
361036.4840136738	4065808.8935281043
361036.7730882526	4065808.7720146985
361037.0611192402	4065808.6188854473
361037.3403650088	4065808.439011509
361037.6281765487	4065808.2257293137
361037.8598403284	4065808.0081147607
361038.1150301346	4065807.7709334544
361038.33024383365	4065807.515282628
361038.53280732135	4065807.2559237806
361038.7208863642	4065806.970188109
361038.89388822054	4065806.6803957466
361039.04460632574	4065806.376394429
361039.1775095445	4065806.0628405907
361039.2346719028	4065805.750235505
361039.38201938494	4065805.406696019
361039.45680353435	4065805.0614765156
361039.50164223055	4065804.722178337
361039.5215121031	4065804.3812188595
361039.55175699154	4065804.0065492284
361039.5540155461	4065803.645237596
361039.5845028778	4065803.2350723976
361039.5861058767	4065802.860363265
361039.5796048252	4065802.461399374
361039.56745991734	4065802.0582164293
361039.52244035277	4065801.6625602823
361039.48149932164	4065801.2830831534
361039.4435360786	4065800.8834905634
361039.34450149373	4065800.4920025785
361039.2597665018	4065800.1136760083
361039.2120515804	4065799.7315657483
361039.0215378528	4065799.371678505
361038.8757728304	4065799.036483519
361038.71453319606	4065798.7055146457
361038.52902406885	4065798.4098074134
361038.33869998215	4065798.1391844074
361038.1425869825	4065797.8923886633
361037.92411721183	4065797.6407088917
361037.7160352794	4065797.323199563
361037.3578304614	4065797.1091673495
361037.10472137673	4065796.924631893
361036.72996936116	4065796.6640906753
361036.4631076217	4065796.5210227976
361036.1823775512	4065796.4005347453
361035.75149316655	4065796.244830921
361035.32853667834	4065796.143251591
361034.90535003063	4065796.0890640486
361034.4816435409	4065796.075436343
361034.16872676683	4065796.058326466
361033.8472402996	4065796.063549674
361033.5479649751	4065796.0891028475
361033.2268390015	4065796.1165140634
361032.8948712428	4065796.145224699
361032.5893466968	4065796.161665299
361032.1519481447	4065796.17986874
361031.75920049375	4065796.1973467492
361031.3750225244	4065796.1924916976
361030.97669406515	4065796.1872402616
361030.5783111622	4065796.158586485
361030.2251788411	4065796.1412686193
361029.925009341	4065796.12605464
361029.54742426437	4065796.1097133188
361029.1940759441	4065796.1058604796
361028.9771523535	4065795.7893638564
361028.8935005645	4065796.096323638
361028.8935005645	4065795.7798659033
361028.59297436615	4065795.784508931
361028.5062718543	4065796.1059387648
361028.4588414159	4065795.775591362
361028.3899992655	4065796.0967310066
361028.0863731532	4065796.101664241
361027.6680274306	4065796.1076107463
361027.3273078746	4065796.1139973756
361026.9754808982	4065796.1301844176
361026.5728898044	4065796.125709069
361026.18442511564	4065796.1436637426
361025.8778823815	4065796.137121955
361025.43429001427	4065796.155851948
361025.1128035416	4065796.161075484
361024.76283308084	4065796.1553239617
361024.4265015551	4065796.1607887293
361024.0586818105	4065796.156009176
361023.7026376945	4065796.1725833737
361023.33515698544	4065796.156668276
361022.9590966129	4065796.162470813
361022.60306249704	4065796.179660519
361022.2460355617	4065796.1965585607
361021.9087316244	4065796.234989028
361021.5589524968	4065796.241013372
361021.2577655899	4065796.2677212968
361020.8404139456	4065796.285433345
361020.4430405436	4065796.2813391928
361020.1201537032	4065796.285734991
361019.7335172166	4065796.29136499
361019.69941642985	4065795.9844979066
361019.81550876895	4065796.303606165
361019.4342907502	4065796.3199239075
361019.0772638238	4065796.336822081
361018.7658999913	4065796.3299337737
361018.3233001031	4065796.3129374194
361018.0073709526	4065796.297996324
361017.67533645965	4065796.2810727055
361017.3610469038	4065796.264836428
361016.9971790245	4065796.247829388
361016.56880684453	4065796.2094458593
361016.2571535105	4065796.192495272
361015.9397061498	4065796.1991565432
361015.582831366	4065796.193579277
361015.216181297	4065796.199816329
361014.8411137338	4065796.2059109043
361014.46552441333	4065796.2117347033
361014.09920675814	4065796.2065902078
361013.74252131465	4065796.2126654037
361013.3853141107	4065796.218469823
361013.0189964554	4065796.2133253757
361012.6518662526	4065796.218983255
361012.3045820464	4065796.224934288
361011.9574681132	4065796.241363862
361011.58998736256	4065796.2254492682
361011.2316070637	4065796.2198681035
361010.88432285713	4065796.225819194
361010.5449760119	4065796.231333505
361010.19651870907	4065796.225898952
361009.8482416821	4065796.2315584044
361009.50889483484	4065796.237072756
361009.15892433753	4065796.2313218703
361008.83002086234	4065796.2370075067
361008.49049373646	4065796.2314279084
361008.1420364296	4065796.2259934386
361007.8026895792	4065796.231507857
361007.4648448448	4065796.2366569187
361007.1147051419	4065796.220493869
361006.76642811066	4065796.226153447
361006.4181510796	4065796.2318130382
361006.0520136863	4065796.2377628814
361005.6948064757	4065796.2435676213
361005.32848880184	4065796.238423503
361004.98003148596	4065796.232989162
361004.60426187015	4065796.227719401
361004.2652564936	4065796.222410761
361003.87976350775	4065796.1942760763
361003.5138784468	4065796.1899541277
361003.1391523412	4065796.1852260143
361002.7453420735	4065796.169152587
361002.3439123845	4065796.175700865
361001.9332174086	4065796.1826294977
361001.5133186384	4065796.1783562778
361001.08430940076	4065796.1631342117
361000.6913814579	4065796.1695196545
361000.28041286446	4065796.16510137
360999.869624558	4065796.171777099
360999.4590165429	4065796.189546842
360999.10349172266	4065796.206080476
360998.77686108236	4065796.20015246
360998.4141854182	4065796.2065265533
360998.0346545751	4065796.2010514755
360997.6013586947	4065796.208639091
360997.26201183215	4065796.2141539287
360996.86881026736	4065796.2091925526
360996.4584132904	4065796.21588369
360996.02053643455	4065796.2232327475
360995.6092263679	4065796.2296378887
360995.26147108315	4065796.2355687274
360994.9198528972	4065796.229643887
360994.5900140472	4065796.2350431085
360994.2331468973	4065796.229779026
360993.8583700745	4065796.224801417
360993.474372305	4065796.2310420605
360993.0730359314	4065796.2378437766
360992.65331743954	4065796.2446649848
360992.20743488806	4065796.229520378
360991.76967573387	4065796.225537903
360991.3317362767	4065796.2104614563
360990.89379681746	4065796.195385032
360990.4550505736	4065796.191615872
360990.02669813816	4065796.1761697344
360989.6329330319	4065796.171686317
360989.230801263	4065796.1668704264
360988.8647571734	4065796.173074007
360988.50736963435	4065796.167785473
360988.18796180363	4065796.172596853
360987.86439660785	4065796.1782353334
360987.44485841005	4065796.1961507895
360987.1132216518	4065796.211786965
360986.7127638818	4065796.2191461087
360986.40223843086	4065796.211200837
360986.0428200094	4065796.21893753
360985.73919385567	4065796.223872268
360985.37287612923	4065796.218729004
360984.9648103414	4065796.224935632
360984.6466147984	4065796.219010278
360984.1940922425	4065796.237887552
360983.8621623552	4065796.242941412
360983.5600493935	4065796.2481925967
360983.2474930604	4065796.2532725646
360982.9349367248	4065796.2583525446
360982.63131057157	4065796.2632873934
360982.1846212104	4065796.25945055
360981.88081474433	4065796.2532914327
360981.5770082778	4065796.2471323265
360981.27320180985	4065796.240973231
360980.96939533914	4065796.2348141465
360980.6539223232	4065796.2284191228
360980.21014963416	4065796.23605747
360979.7545300828	4065796.232365899
360979.32860392355	4065796.2388630873
360979.0220749152	4065796.233173891
360978.5873988907	4065796.2509102556
360978.27484255127	4065796.255990405
360977.9417033169	4065796.261830682
360977.61110629595	4065796.2561071604
360977.2806895939	4065796.261477643
360976.9396491997	4065796.2555829263
360976.6107456875	4065796.2612698018
360976.27238161763	4065796.2664616844
360975.8951580556	4065796.2614960875
360975.5377704869	4065796.2562080934
360975.18038291787	4065796.2509201155
360974.8430116636	4065796.2564037307
360974.475711098	4065796.251584722
360974.10840052366	4065796.2461502617
360973.7521860927	4065796.252248012
360973.3949788413	4065796.258054101
360973.0377715898	4065796.263860205
360972.6704610158	4065796.2584258076
360972.33378937887	4065796.274961928
360971.95703933045	4065796.270329768
360971.5996517518	4065796.2650419394
360971.2238820533	4065796.259773644
360970.86719655653	4065796.2658506283
360970.4998859771	4065796.2604163256
360970.1436715396	4065796.266514227
360969.78628395725	4065796.2612264734
360969.40158407204	4065796.2561034136
360969.04390575434	4065796.261888799
360968.6876913179	4065796.2679867605
360968.3303037308	4065796.262699068
360967.97309647297	4065796.268505383
360967.625802213	4065796.2738427664
360967.2575088089	4065796.2687323904
360966.9191547329	4065796.274540108
360966.5708776561	4065796.280201323
360966.2134900648	4065796.2749137194
360965.87396283634	4065796.2693358106
360965.5150620508	4065796.2637318694
360965.19508870965	4065796.2692740243
360964.84493777144	4065796.2524309596
360964.5054105372	4065796.2468531034
360964.18316583254	4065796.240955531
360963.87252016517	4065796.2352879858
360963.5510336284	4065796.240513837
360963.23847727146	4065796.2455945364
360962.90596953046	4065796.250619805
360962.473564861	4065796.2797967517
360962.1582859728	4065796.2853473155
360961.85484013706	4065796.3013768955
360961.54228378297	4065796.3064576574
360961.23865760816	4065796.311393266
360960.92836027127	4065796.327154493
360960.6158039164	4065796.3322352883
360960.27419799566	4065796.327071151
360959.96372031997	4065796.331738421
360959.65180781734	4065796.3367629773
360959.3394318	4065796.352937813
360959.0272361291	4065796.3802066525
360958.6153113773	4065796.4497378296
360958.3215171001	4065796.5373573434
360957.87460454536	4065796.6175956004
360957.4811137184	4065796.7833112185
360957.228391256	4065796.9784400403
360956.9719774656	4065797.138111031
360956.60275555745	4065797.317204458
360956.33550993324	4065797.518554957
360956.1107687099	4065797.7190406406
360955.90005173226	4065797.9407062684
360955.685879022	4065798.1718275426
360955.4533871089	4065798.4128604387
360955.2425994824	4065798.6625918285
360955.0409504444	4065798.9216188546
360954.8562875965	4065799.202372716
360954.6823730701	4065799.4937199745
360954.5534025836	4065799.7780617005
360954.44765255135	4065800.202271792
360954.3105921827	4065800.4921673373
360954.2443281	4065800.9106179597
360954.21512262867	4065801.2108621653
360954.2093530996	4065801.523161628
360954.2088334625	4065801.8584989533
360954.21478497103	4065802.224600732
360954.20866897533	4065802.60923652
360954.20630275627	4065803.008765448
360954.1985086438	4065803.4301066296
360954.2057558945	4065803.867092424
360954.2127895003	4065804.2997581605
360954.2112358487	4065804.760886653
360954.21882828645	4065805.2207047776
360954.2134802627	4065805.6646096827
360954.2210797478	4065806.1305574016
360954.24101120693	4065806.585265953
360954.2484055153	4065807.0401196806
360954.25577499525	4065807.5014090943
360954.2808374614	4065807.943411013
360954.279338264	4065808.393441694
360954.25945459993	4065808.8504813965
360954.230542674	4065809.273305623
360954.1923282968	4065809.713372505
360954.18774026143	4065810.1255345866
360954.144248572	4065810.5333963707
360954.1330714109	4065810.943788736
360954.1306235765	4065811.3436934063
360954.137340046	4065811.747021498
360954.14316988114	4065812.116653615
360954.1404218934	4065812.498505832
360954.1521873531	4065812.801198269
360954.18883841176	4065813.2664630753
360954.21239453566	4065813.6427937676
360954.2266216997	4065813.956380163
360954.24169226276	4065814.3198117595
360954.25711500464	4065814.7190503497
360954.26901554386	4065815.1182889417
360954.2966147376	4065815.510237892
360954.3119526931	4065815.894432965
360954.3262933381	4065816.2271075957
