360950.9124894944	4065815.922860037
360950.75499172666	4065815.649481995
360950.7577109229	4065815.2876050384
360950.75946222304	4065814.864685975
360950.7636679127	4065814.5551111116
360950.7672227506	4065814.243131986
360950.78014767123	4065813.923022425
360950.78373309196	4065813.610338827
360950.7965435238	4065813.299416655
360950.80935395724	4065812.988494485
360950.8404803556	4065812.649101059
360950.8689207972	4065812.1924604033
360950.88789198344	4065811.756666396
360950.9105610359	4065811.4469037266
360950.92920896586	4065811.001403781
360950.95155475993	4065810.681935174
360950.9546847859	4065810.206468784
360950.9807187575	4065809.77678579
360951.01091061864	4065809.4361130632
360951.0082711839	4065809.1253360715
360951.01837634575	4065808.8126524817
360951.01332646556	4065808.5020206664
360951.01702640305	4065808.1801496805
360951.00323522213	4065807.8671380347
360950.9980049901	4065807.5454122256
360950.99511082895	4065807.2063957965
360950.97865820496	4065806.90271562
360950.9730149039	4065806.571810991
360950.9592675719	4065806.2594091813
360950.9475882594	4065805.9175557364
360950.95082911826	4065805.5933049214
360950.93369257887	4065805.2519161333
360950.9309872874	4065804.919096334
360950.94062280527	4065804.566850575
360950.92584994755	4065804.220029576
360950.9290802321	4065803.856835001
360950.91430737445	4065803.5100140027
360950.9001190185	4065803.1742804293
360950.8940149799	4065802.811237599
360950.89762506797	4065802.4696961595
360950.89194364403	4065802.13435883
360950.9044839083	4065801.7926722155
360950.9107087965	4065801.459562063
360950.92974860774	4065801.106847454
360950.9323429118	4065800.7607398056
360950.944431986	4065800.40544167
360950.95644966525	4065800.058185149
360950.98175800865	4065799.694555043
360951.01814925205	4065799.3326413203
360951.0477014316	4065798.9675154653
360951.0955112377	4065798.6116366247
360951.11905661976	4065798.2378239534
360951.2379022321	4065797.8750368915
360951.3121418928	4065797.4965345403
360951.40424192214	4065797.117741838
360951.5188982982	4065796.733391035
360951.6420585161	4065796.37741154
360951.7994676938	4065796.0430232664
360951.8614400067	4065795.733879053
360952.0727876929	4065795.4493904267
360952.4261560729	4065795.1796365706
360952.69047072536	4065794.9131373432
360952.93986275856	4065794.669900556
360953.24430337636	4065794.443202299
360953.57086100907	4065794.249456038
360953.9058158254	4065794.080894388
360954.224957931	4065793.9314462654
360954.59394198324	4065793.8070254275
360954.94059605285	4065793.701517789
360955.3054163307	4065793.59370112
360955.6606947689	4065793.490067044
360956.014744266	4065793.407118541
360956.38151489716	4065793.3229923313
360956.7557780917	4065793.2691497495
360957.1223935328	4065793.229769046
360957.49912335863	4065793.2113272944
360957.87419112504	4065793.205230208
360958.2497806439	4065793.1994039267
360958.58692347567	4065793.182888141
360958.9733059633	4065793.1987393307
360959.3301719517	4065793.203755847
360959.6966702132	4065793.219991993
360960.0813702518	4065793.225114618
360960.4380558957	4065793.219037187
360960.8227559353	4065793.2241598475
360961.1888935136	4065793.2182080713
360961.5452184766	4065793.1899427
360961.90144306433	4065793.184459909
360962.2871259054	4065793.1892588437
360962.6257708421	4065793.172377839
360962.9740480507	4065793.1667164676
360963.31339507387	4065793.1612002724
360963.6438119112	4065793.1558292527
360963.97404841456	4065793.139364253
360964.30673660384	4065793.1454330226
360964.61702172086	4065793.1289126016
360964.92957818974	4065793.1238319553
360965.23320447264	4065793.1188964806
360965.6913802542	4065793.1118743783
360966.1172927677	4065793.104525603
360966.55040492915	4065793.1091283103
360966.95691046794	4065793.101974604
360967.3643497498	4065793.1181719
360967.7520575733	4065793.111243472
360968.14145614835	4065793.1166371275
360968.4845130504	4065793.110434522
360968.85713109083	4065793.116200355
360969.19892782735	4065793.0988219567
360969.5741759118	4065793.103819375
360970.01175496116	4065793.0967067275
360970.3317395071	4065793.091846499
360970.6801970356	4065793.097279434
360971.0480170354	4065793.102056697
360971.423084789	4065793.0959602036
360971.80708272825	4065793.0897185737
360972.20903435646	4065793.0834396565
360972.58418911585	4065793.088184205
360972.96870880236	4065793.0822134167
360973.3521849913	4065793.0757010668
360973.7363632502	4065793.0805535163
360974.1210632611	4065793.0856767735
360974.49631133553	4065793.0906744087
360974.8891716657	4065793.106457964
360975.26432641654	4065793.11120263
360975.66636503953	4065793.115764866
360976.0592931564	4065793.109378277
360976.4524015915	4065793.1140856985
360976.85444021155	4065793.1186479907
360977.2475486462	4065793.1233554482
360977.64065707836	4065793.128062926
360978.0335851913	4065793.1216764282
360978.43544348946	4065793.115144801
360978.8192611025	4065793.097809491
360979.2032590323	4065793.091568194
360979.59618714603	4065793.085181768
360979.9891152595	4065793.07879536
360980.38222368574	4065793.0835029623
360980.765708941	4065793.0775493393
360981.17701009504	4065793.070585092
360981.57886839076	4065793.0640536123
360981.9807266875	4065793.057522152
360982.3915777784	4065793.07327131
360982.79361638456	4065793.07783388
360983.21315000695	4065793.082804814
360983.61549135	4065793.06424305
360984.026943635	4065793.0577697037
360984.4547483662	4065793.039505784
360984.883397212	4065793.032539038
360985.303178477	4065793.0481431964
360985.71414725896	4065793.0525607634
360986.12511604215	4065793.0569783514
360986.53590628604	4065793.072476816
360986.9207413658	4065793.0771052334
360987.31412339845	4065793.0931601482
360987.6983016227	4065793.098013226
360988.0645261574	4065793.1029035915
360988.43066370627	4065793.096952982
360988.76108051767	4065793.0915829334
360989.0798446191	4065793.086827849
360989.39512358996	4065793.0812782818
360989.6987498473	4065793.0763436747
360990.00529276737	4065793.082884169
360990.44013542874	4065793.075391469
360990.7439419883	4065793.081550893
360991.0566787301	4065793.087565195
360991.3692351713	4065793.082485514
360991.69983228104	4065793.088209571
360992.0391792727	4065793.082694516
360992.3874564494	4065793.0770343416
360992.7268034435	4065793.0715193143
360993.0661504343	4065793.0660042996
360993.3948848409	4065793.049905811
360993.7446641217	4065793.043880319
360994.0838308171	4065793.027271352
360994.42544912477	4065793.0331961615
360994.7357342511	4065793.016676834
360995.05514219694	4065793.0118657006
360995.38781797694	4065793.01717636
360995.709484894	4065793.0230457005
360996.01329144236	4065793.029205312
360996.4716474755	4065793.033278852
360996.90667042305	4065793.0368804727
360997.3648461592	4065793.0298600667
360997.790578338	4065793.011418877
360998.22815735074	4065793.004307673
360998.531783603	4065792.999373381
360998.8732216091	4065792.9942043754
360999.2102972904	4065792.9772498338
360999.55857446144	4065792.9715899513
360999.9333768485	4065792.954656619
361000.36229101405	4065792.95852874
361000.77307947236	4065792.951853038
361001.21860157757	4065792.9448101097
361001.63037712476	4065792.9379212037
361002.0585493835	4065792.9422739325
361002.4521343276	4065792.9356639343
361002.8361322338	4065792.9294236978
361003.2210124586	4065792.9456422557
361003.56876787654	4065792.939711745
361003.92784897966	4065792.956411275
361004.276306431	4065792.9618455786
361004.5964601446	4065792.9673988824
361004.93598741	4065792.97297833
361005.2854376701	4065792.978704354
361005.63441548747	4065792.9841634026
361005.99903983367	4065792.9778971737
361006.401078381	4065792.982460854
361006.8297271969	4065792.9754952067
361007.2764166601	4065792.979333341
361007.76636292675	4065792.9937346084
361008.2843479019	4065793.0185855874
361008.8355700512	4065793.043283868
361009.41837651056	4065793.05560234
361009.7221830253	4065793.061762437
361010.0288962532	4065793.056671679
361010.35608201416	4065793.062547085
361010.6865300469	4065793.0682692253
361011.0259160963	4065793.073846532
361011.36544334196	4065793.0794262365
361011.7413861061	4065793.107179659
361012.08924805035	4065793.1120440285
361012.46425963595	4065793.1170400046
361012.8435264948	4065793.11080714
361013.2411509386	4065793.11550661
361013.62486859557	4065793.09817449
361014.03124088	4065793.0915074423
361014.4375310818	4065793.0738668926
361014.8615676602	4065793.0669182697
361015.27687983355	4065793.0491287066
361015.7097548087	4065793.0420389627
361016.1388750722	4065793.0130776004
361016.57609352184	4065792.983779351
361017.018275721	4065792.9435409154
361017.4725161629	4065792.9246697235
361017.9360051192	4065792.928233521
361018.39517300314	4065792.9658972602
361018.82115356886	4065792.9693394196
361019.3013622072	4065793.0180993956
361019.7459564554	4065793.0321291247
361020.17998353153	4065793.036035522
361020.6395155622	4065793.050900754
361021.0650727913	4065793.0327509777
361021.5151709694	4065793.0477853036
361021.9313964393	4065793.029773601
361022.35531576345	4065793.045258769
361022.7664647048	4065793.0607721074
361023.16428683285	4065793.065233113
361023.55749544845	4065793.069943867
361023.95483758196	4065793.063424014
361024.33403629664	4065793.0462325416
361024.7137228862	4065793.039996597
361025.0789871989	4065793.012147173
361025.44453482615	4065792.9840276423
361025.79721189017	4065792.9669885184
361026.1453087762	4065792.9502357277
361026.48434165615	4065792.933634545
361026.80891095777	4065792.906441266
361027.13541435386	4065792.88977498
361027.44180437876	4065792.862909461
361027.7746126388	4065792.857100376
361028.3638244751	4065792.8364301003
361028.9264260154	4065792.8272891394
361029.4690385482	4065792.829706933
361029.96041821345	4065792.855602652
361030.4414685641	4065792.915145643
361030.8897055584	4065792.963463603
361031.27801063715	4065792.9890592634
361031.6639818673	4065793.0280514155
361032.0027349462	4065793.0436330456
361032.33642880846	4065793.071927765
361032.7625214702	4065793.0756763006
361033.1199090278	4065793.0809666864
361033.50794599013	4065793.0761652226
361033.81888222566	4065793.0585345933
361034.12232819054	4065793.0425075726
361034.4322854058	4065793.03745058
361034.79137479106	4065793.0328371697
361035.20046136505	4065793.036066988
361035.50408757763	4065793.0311340084
361035.8343240969	4065793.0146717858
361036.20991352474	4065793.0088489293
361036.60202180257	4065793.0024320856
361037.00388002535	4065792.99590321
361037.39692583674	4065792.9781876924
361037.7806584017	4065792.9611109337
361038.18233638594	4065792.943488123
361038.56641929824	4065792.93699359
361038.9502369172	4065792.9196609817
361039.3163744109	4065792.913712552
361039.6828723771	4065792.929952122
361040.05882227625	4065792.946317416
361040.4177503805	4065792.963621432
361040.765318478	4065792.9681587764
361041.0841298942	4065792.951915521
361041.4383087026	4065792.9695173623
361041.9267625927	4065792.949322893
361042.22869538306	4065792.932979783
361042.53006267693	4065792.9173665927
361042.8446977528	4065792.911875264
361043.2910266525	4065792.893527293
361043.596924111	4065792.900034382
361043.8966085576	4065792.918875011
361044.30067798373	4065792.9104153635
361044.60794615507	4065792.9170006397
361045.0331331862	4065792.909612967
361045.33693962445	4065792.915774329
361045.6405658294	4065792.9108417095
361045.95603880746	4065792.9172391305
361046.4087417586	4065792.9094591243
361046.73022832937	4065792.904236391
361047.06064508314	4065792.8988685952
361047.40874197526	4065792.882116671
361047.737296165	4065792.8549262825
361048.1049357589	4065792.8486128636
361048.45321287785	4065792.842954973
361048.8115932198	4065792.8485377
361049.1518209763	4065792.8652375876
361049.4898349513	4065792.8705024254
361049.8683640115	4065792.922545748
361050.1893441588	4065792.948255082
361050.5516385579	4065793.0008367565
361050.8758553599	4065793.0514430255
361051.20945387485	4065793.1375141847
361051.51672848844	4065793.1940276464
361051.8566328338	4065793.3189399303
361052.1953755138	4065793.43795936
361052.5279548885	4065793.5657196725
361052.8846537814	4065793.7493897425
361053.21412866015	4065793.9422223815
361053.5158939443	4065794.1164306225
361053.8177262981	4065794.3357010954
361054.1578423248	4065794.6069569457
361054.4584115265	4065794.887131573
361054.713114918	4065795.132150068
361055.0096900548	4065795.462975456
361055.2696752405	4065795.819047836
361055.49198344926	4065796.1992703998
361055.701534936	4065796.5695999656
361055.90092880226	4065796.9868356637
361055.98146023066	4065797.4111110326
361056.18214967597	4065797.8366330243
361056.2917631415	4065798.3052029777
361056.35523495753	4065798.7659377754
361056.40709447925	4065799.208972108
361056.4328301639	4065799.66466253
361056.4220892706	4065800.1320424136
361056.4206122338	4065800.5701467334
361056.400567773	4065801.009656364
361056.38076115743	4065801.443429018
361056.37024766626	4065801.869642514
361056.3681990894	4065802.284585322
361056.36284833594	4065802.7063020677
361056.36954124493	4065803.1056857626
361056.36100852356	4065803.5014152694
361056.3584295531	4065803.882700371
361056.34654413175	4065804.263245164
361056.33489209076	4065804.645713672
361056.322599361	4065804.990452393
361056.3373870559	4065805.336738598
361056.3517237192	4065805.6694132797
361056.38188581314	4065806.0701335887
361056.40060819563	4065806.501274943
361056.4160181574	4065806.8779330356
361056.4278283506	4065807.223597231
361056.41875794984	4065807.635637411
361056.4132518964	4065807.954340356
361056.39533155714	4065808.37596633
361056.38297190866	4065808.7069395813
361056.38594597153	4065809.06155753
361056.3770249788	4065809.438898312
361056.3832238424	4065809.808052424
361056.3888690388	4065810.1665904867
361056.386007764	4065810.5293069487
361056.3887110151	4065810.8650405854
361056.4055984958	4065811.1978603364
361056.4199351608	4065811.5305350223
361056.4342353629	4065811.8626757613
361056.439830765	4065812.1929705036
361056.4452372681	4065812.5257902564
361056.4413531771	4065812.8365670894
361056.42860453593	4065813.16777037
361056.4159945125	4065813.489175324
361056.4097676056	4065813.8024697
361056.40003614617	4065814.1547151776
361056.3881383578	4065814.520634912
361056.36706381995	4065814.9057905367
361056.33765078	4065815.294660514
361056.28069028247	4065815.6913966015
361056.20410104183	4065816.131241506
361056.0920779486	4065816.529835554
361055.9832628135	4065816.9048249703
361055.8444007821	4065817.279893279
361055.69068985485	4065817.6456429595
361055.52067939896	4065817.958190008
361055.30623780534	4065818.270771453
361055.10516947665	4065818.540363811
361054.86310533795	4065818.8037778186
361054.6400004776	4065819.0350416205
361054.38380623487	4065819.259442656
361054.1280757098	4065819.4633415
361053.8222648913	4065819.6795303817
361053.51473738503	4065819.8890343355
361053.1810977929	4065820.08684643
361052.84968587145	4065820.271898735
361052.5013599801	4065820.4566167514
361052.15996004513	4065820.6197213796
361051.8059300827	4065820.773195436
361051.46620599926	4065820.912855495
361051.1024298262	4065821.032608782
361050.7490957127	4065821.1374999853
361050.3927126295	4065821.2125855833
361050.0163459382	4065821.27668358
361049.6406524963	4065821.3274205136
361049.2573509719	4065821.390485635
361048.9026000139	4065821.4501336855
361048.526764892	4065821.503027197
361048.18847907195	4065821.5417804345
361047.8494937307	4065821.5694812797
361047.49060522375	4065821.5645556794
361047.15125942585	4065821.570068567
361046.82084378006	4065821.5754363914
361046.4814979815	4065821.5809493056
361046.16019271855	4065821.5972660715
361045.82066668954	4065821.5916850194
361045.4902510435	4065821.5970528955
361045.1615178038	4065821.6131494083
361044.82959998166	4065821.618882678
361044.5172248731	4065821.6350544267
361044.2137799184	4065821.6510811066
361043.9103349626	4065821.6671077977
361043.47566032334	4065821.684840896
361043.1654902584	4065821.6676314985
361042.74923489155	4065821.674874227
361042.3114771788	4065821.6708892044
361042.0079239597	4065821.6403789623
361041.60081090307	4065821.626404268
361041.1854487287	4065821.5982565414
361040.80512612726	4065821.583846639
361040.4207690837	4065821.5678972257
361040.04087530816	4065821.5635182387
361039.6209778857	4065821.5592431845
361039.19233055017	4065821.5662072287
361038.88578868506	4065821.559665
361038.58198325086	4065821.5535038975
361038.2781778108	4065821.547342804
361037.96544221987	4065821.5413268087
361037.66181702033	4065821.5462597287
361037.1895618528	4065821.542920047
361036.87642866484	4065821.5479686717
361036.5750747939	4065821.564341413
361036.2712693496	4065821.55818039
361035.97036675364	4065821.562643567
361035.64615864586	4065821.568336541
361035.3336032935	4065821.5734146335
361035.0210479395	4065821.578492736
361034.7145060668	4065821.5719506578
361034.28477285587	4065821.556684137
361033.87362532684	4065821.541170284
361033.4535476389	4065821.5258015413
361033.0371120024	4065821.52195075
361032.73038987594	4065821.5043147495
361032.42722976475	4065821.498189189
361032.1144941562	4065821.4921734054
361031.7949194785	4065821.486648514
361031.46450381295	4065821.492016932
361031.11622784036	4065821.497675549
361030.75953445537	4065821.5031916685
361030.39357842563	4065821.5202344935
361030.02744214726	4065821.5261833416
361029.64223075594	4065821.5213452117
361029.2853661889	4065821.516325798
361028.919229909	4065821.5222746935
361028.5618435276	4065821.5169845168
361028.2137478067	4065821.5337372436
361027.88501456584	4065821.5498344223
361027.5458489972	4065821.56644208
361027.2050010026	4065821.5723211295
361026.86432218883	4065821.588612439
361026.5534603324	4065821.6051012203
361026.2319748179	4065821.610324743
361025.90155914874	4065821.615693376
361025.5711434807	4065821.621062021
361025.2407278144	4065821.6264306796
361024.9192422992	4065821.6316542514
361024.60686719476	4065821.647826728
361024.26525003026	4065821.6419007457
361023.9458555986	4065821.6474701394
361023.5973993639	4065821.642035071
361023.25805354153	4065821.6475489074
361022.9080840534	4065821.641797488
361022.58811178576	4065821.6473375238
361022.24876596354	4065821.652851399
361021.927100184	4065821.646981092
361021.59668451105	4065821.6523498907
361021.26626884093	4065821.657718703
361020.9358531687	4065821.6630875277
361020.58739692654	4065821.6576525797
361020.2480511005	4065821.6631665346
361019.9064339268	4065821.6572407256
361019.57828960253	4065821.674049381
361019.2478739297	4065821.679418271
361018.91745825746	4065821.684787174
361018.5961530029	4065821.7011049767
361018.2954306565	4065821.7166627673
361017.97104226804	4065821.711262418
361017.66741705657	4065821.71619605
361017.3546814222	4065821.710180806
361016.890493716	4065821.7288203905
361016.5710869415	4065821.733630736
361016.2311645411	4065821.7391930185
361015.8722759638	4065821.734268744
361015.53293013555	4065821.7397828866
361015.1952667503	4065821.756025662
361014.8177052592	4065821.7621939625
361014.48051545484	4065821.778770034
361014.13107632706	4065821.773659138
361013.7915502256	4065821.768079356
361013.4520241235	4065821.762499588
361013.0851857462	4065821.757084377
361012.7552918844	4065821.7627243116
361012.40701589856	4065821.76838369
361012.0599030634	4065821.7848132867
361011.69296417385	4065821.8021807005
361011.3371014622	4065821.829849434
361010.97132572485	4065821.857987084
361010.6050798532	4065821.8861609315
361010.27882710693	4065821.933137054
361009.93163279234	4065822.0053604892
361009.62314302713	4065822.085274242
361009.3035691427	4065822.170203704
361009.022113798	4065822.3179794285
361008.6022540986	4065822.4283664846
361008.3247769544	4065822.5521485955
361007.9084850966	4065822.769754953
361007.6549690907	4065823.016044544
361007.3680008827	4065823.196536052
361007.12094566465	4065823.408201207
361006.86539660854	4065823.6326018265
361006.501700932	4065823.877896966
361006.2558031908	4065824.1371221235
361006.0732966789	4065824.4045984824
361005.9579532598	4065824.6898799306
361005.6931333242	4065824.9820430786
361005.53180147713	4065825.2891592025
361005.4091801008	4065825.5991667733
361005.3010165779	4065825.9151740754
361005.2105827853	4065826.241578005
361005.13746131933	4065826.5562307546
361005.0826229885	4065826.889141431
361005.04374023754	4065827.2324017477
361005.0142894076	4065827.5704000685
361005.002290562	4065827.896057395
361004.99041412	4065828.261442426
361004.99593729974	4065828.6013170886
361004.9837875409	4065828.9419907583
361004.98008564604	4065829.2638616716
361004.9867561734	4065829.6743394057
361004.99036186415	4065829.9960651994
361004.9977535306	4065830.3510729703
361005.00171979103	4065830.6806004634
361005.00947202777	4065831.0721825045
361005.0027404488	4065831.382959425
361004.99007065804	4065831.746444144
361004.9731549096	4065832.145226189
361004.96141180996	4065832.5231320034
361004.9590279961	4065832.915091407
361004.96533796296	4065833.303381158
361004.96235722007	4065833.669628045
361004.96542206174	4065834.03572981
361004.9711911758	4065834.3907375834
361004.9887749873	4065834.745600235
361004.9943638172	4065835.0895140166
361005.0001329324	4065835.44452179
361005.00590204797	4065835.799529564
361004.9997850217	4065836.1546824584
361005.0054452994	4065836.506782942
361004.9932826942	4065836.842800263
361004.9837155265	4065837.195045865
361004.9710404136	4065837.5182076856
361004.9553628747	4065837.8508518995
361004.94607123244	4065838.1641463903
361004.93343922746	4065838.4861624283
361004.93596321926	4065838.815377537
361004.92805378436	4065839.272924011
361004.941944311	4065839.5754340687
361004.9381803395	4065839.8934831466
361004.94334287377	4065840.1949275904
361004.9393461766	4065840.5148918764
361004.9329400366	4065840.827575434
361004.9228320358	4065841.147684839
361004.91020004306	4065841.4697008794
361004.88829666615	4065841.810855517
361004.8674603757	4065842.1356002493
361004.8175779092	4065842.4750810564
361004.7934917967	4065842.7994478503
361004.6920352417	4065843.1200777804
361004.6588387163	4065843.432428317
361004.53661737137	4065843.7381568546
361004.4432536588	4065844.0392910005
361004.33669729036	4065844.3520918554
361004.21323407657	4065844.6611071914
361004.0841498685	4065844.96282183
361003.9270441419	4065845.267504465
361003.7470552745	4065845.558551837
361003.5569176842	4065845.8498329297
361003.3688147767	4065846.1133486074
361003.14547022886	4065846.366952205
361002.92385315476	4065846.5812943215
361002.69693170115	4065846.7908906974
361002.3579089507	4065847.0724906577
361002.0592840332	4065847.3029042776
361001.71528085176	4065847.5026251557
361001.3611122338	4065847.652253158
361000.99687610206	4065847.7716206163
361000.58525854064	4065847.8676349125
361000.1270779673	4065847.9663462765
360999.81416731485	4065848.027095268
360999.5010662019	4065848.0776487403
360999.1884088024	4065848.1160664344
360998.7429069295	4065848.1454545124
360998.32046833035	4065848.152745338
360997.9366531927	4065848.170079844
360997.5887388586	4065848.197927844
360997.285551933	4065848.2240381017
360996.98203115776	4065848.241078599
360996.65197707777	4065848.268636379
360996.32286741846	4065848.2826198437
360995.95578782534	4065848.3021445116
360995.6430531091	4065848.29613009
360995.3217488607	4065848.312448797
360995.0002643169	4065848.3176735225
360994.7833413234	4065848.0011778055
360994.40931066667	4065848.3026217553
360994.03526978113	4065848.300065793
360993.5513493504	4065848.296492593
360993.1956576077	4065848.3026142907
360992.811481874	4065848.297761039
360992.43659686943	4065848.314950657
360992.0526014375	4065848.3211914334
360991.69557668525	4065848.3380908147
360991.36684454384	4065848.3541894257
360991.01537377486	4065848.348804723
360990.5705610721	4065848.36747188
360990.1419150095	4065848.374438422
360989.77204980067	4065848.3798233294
360989.3685233868	4065848.37528473
360989.0076086555	4065848.381776841
360988.6236132224	4065848.3880177713
360988.22175753536	4065848.3945489954
360987.7840010348	4065848.3905668003
360987.4625164838	4065848.39579181
360987.12147806364	4065848.3898967467
360986.81043694745	4065848.3952930104
360986.4887720874	4065848.3894240637
360986.16501608025	4065848.383209351
360985.7384611575	4065848.390521891
360985.4222645499	4065848.384083922
360984.97922009527	4065848.3917649267
360984.54164389736	4065848.398876891
360984.09531788726	4065848.417228015
360983.6489918746	4065848.435579162
360983.2115959899	4065848.4537851876
360982.8871946342	4065848.447535279
360982.57737669756	4065848.452996425
360982.2182976991	4065848.4362978525
360981.87018250633	4065848.4197952095
360981.5299566921	4065848.4030980556
360981.2008750018	4065848.397690822
360980.8333862443	4065848.381162144
360980.48592392274	4065848.3760205386
360980.1106782873	4065848.3710227115
360979.7354326495	4065848.3660248993
360979.36036732956	4065848.3721210975
360978.98581480194	4065848.3779297033
360978.60130656156	4065848.384458692
360978.2351713679	4065848.390409792
360977.87796630035	4065848.396215757
360977.529511038	4065848.3907825937
360977.17954246566	4065848.385033077
360976.83142725413	4065848.3685306394
360976.491381741	4065848.3629276785
360976.1427461496	4065848.346400578
360975.794290883	4065848.3409674866
360975.44617566257	4065848.324465104
360975.10764345457	4065848.319178567
360974.74015466927	4065848.30265015
360974.3827692684	4065848.297362268
360974.03548725316	4065848.3033149196
360973.67828217696	4065848.30912106
360973.3210771013	4065848.314927216
360972.97396540653	4065848.3313584304
360972.60684727476	4065848.3376335655
360972.2414051925	4065848.3543913057
360971.8568969425	4065848.360920598
360971.4820971034	4065848.3778552287
360971.098016483	4065848.3843528517
360970.7229511521	4065848.3904494294
360970.3477054916	4065848.385452029
360969.97264015983	4065848.3915486396
360969.59739449824	4065848.3865512726
360969.22214883374	4065848.381553923
360968.8379730407	4065848.3767017466
360968.4530950464	4065848.360484803
360968.08659917244	4065848.3442483493
360967.72991595755	4065848.35032553
360967.3452182924	4065848.345202631
360966.97960495006	4065848.351425003
360966.58649902436	4065848.3467180883
360966.1843695351	4065848.341903351
360965.80939763185	4065848.3482531477
360965.40754191164	4065848.3547854433
360964.99687362486	4065848.3501311666
360964.6033763606	4065848.3454091013
360964.2105442003	4065848.3520492935
360963.81761860487	4065848.3584365007
360963.4336231376	4065848.364678562
360963.05855779524	4065848.370775475
360962.69311571313	4065848.3875336233
360962.3086074538	4065848.3940633447
360961.9247923262	4065848.4113994674
360961.5229366038	4065848.417931947
360961.13001100864	4065848.4243192775
360960.71952305635	4065848.4307591994
360960.2999855803	4065848.4265012103
360959.88854298595	4065848.4334035604
360959.46876421623	4065848.4178007236
360959.057617674	4065848.402290499
360958.66412039654	4065848.3975687074
360958.28878779255	4065848.381730845
360957.8943665511	4065848.353743457
360957.53569269716	4065848.3261710545
360957.16684678063	4065848.2971046194
360956.803087532	4065848.260514348
360956.41899773956	4065848.1990372036
360956.03250191425	4065848.127427611
360955.62121571245	4065848.0274855224
360955.25309662655	4065847.9114036714
360954.90646436444	4065847.770943121
360954.5685333365	4065847.5880638603
360954.2583157236	4065847.4133425048
360953.95798568503	4065847.210848664
360953.68939185847	4065846.9917629086
360953.43009097653	4065846.7575470544
360953.197941731	4065846.5009693867
360952.97614600236	4065846.2120623407
360952.7771095741	4065845.9053612393
360952.5820046509	4065845.582626059
360952.4045519819	4065845.22666038
360952.2287474805	4065844.852222931
360952.0647472095	4065844.4432294653
360951.92981496727	4065844.047629257
360951.804427582	4065843.641302235
360951.7627801116	4065843.253623427
360951.65425184625	4065842.871564346
360951.5934234133	4065842.487396742
360951.5519315451	4065842.1329696425
360951.5104396742	4065841.778542545
360951.4959185604	4065841.4347739103
360951.4806940526	4065841.097190283
360951.46672251134	4065840.7730845935
360951.46382833243	4065840.451503946
360951.42758497596	4065840.009347482
360951.40240471205	4065839.578184178
360951.37840411265	4065839.1786981463
360951.3631615786	4065838.7905535363
360951.3479190432	4065838.4024089277
360951.3496080145	4065837.9600987593
360951.3515043404	4065837.5272878218
360951.3530093808	4065837.0729933674
360951.3363898762	4065836.616378168
360951.33097925317	4065836.283558353
360951.3279132336	4065835.9372646823
360951.2927985671	4065835.5709192944
360951.2863337762	4065835.185688492
360951.2624370155	4065834.804833514
360951.2472206121	4065834.4171080934
360951.2228414484	4065834.017595482
360951.198488415	4065833.618502059
360951.1917197516	4065833.21197383
360951.1884733779	4065832.812590054
360951.1819806311	4065832.4165856345
360951.19069889316	4065832.0392446695
360951.1935123672	4065831.661431578
360951.1786808378	4065831.2999861934
360951.17260746285	4065830.937414752
360951.14912824106	4065830.579638328
360951.1430241616	4065830.2165955123
360951.13995814405	4065829.858673911
360951.1250763166	4065829.4811519277
360951.1069481163	4065829.096392497
360951.09206628834	4065828.730435882
360951.0950447559	4065828.364188912
360951.1066362045	4065827.9684591284
360951.12771845504	4065827.5828832933
360951.13897027296	4065827.184787127
360951.1771810241	4065826.783931831
360951.2061758011	4065826.373618997
360951.25368077075	4065825.955594907
360951.3005885973	4065825.5442460813
360951.3954885333	4065825.1128701214
360951.4875484191	4065824.698740566
360951.5269149334	4065824.2801570413
360951.730233781	4065823.8664421844
360951.87573404156	4065823.475684415
360952.04295344645	4065823.0869363234
360952.2617176393	4065822.6980745066
360952.49433511106	4065822.352855084
360952.7389188671	4065822.0273824492
360952.8771973774	4065821.7035773094
360953.14864108065	4065821.559147927
360953.45154810435	4065821.2877739496
360953.7546565164	4065821.0359826377
360954.0850805237	4065820.8223869437
360954.4196291812	4065820.6352431714
360954.78478972375	4065820.457434662
360955.1700156956	4065820.321161779
360955.5428496038	4065820.2018599953
360955.9075432561	4065820.1071560117
360956.2813474169	4065820.023400867
360956.66436586104	4065819.9598515243
360957.04784729425	4065819.907876232
360957.41308200767	4065819.846454292
360957.7872468812	4065819.7848872
360958.1330672999	4065819.7253805227
360958.4991122951	4065819.6735550696
360958.85611791315	4065819.633581068
360959.195103205	4065819.605876692
360959.544881502	4065819.599849766
360959.88422747876	4065819.594333404
360960.2057131419	4065819.589107389
360960.5271988051	4065819.5838813866
360960.8401149939	4065819.600988549
360961.17280223087	4065819.607057167
360961.6290659335	4065819.61078303
360962.063726878	4065819.592194854
360962.49237442727	4065819.585226947
360962.91209181823	4065819.5784042245
360963.31394889444	4065819.5718718506
360963.69794565457	4065819.5656298213
360964.10520343983	4065819.5707329335
360964.48416016455	4065819.5750434776
360964.8951277295	4065819.579460007
360965.2025755433	4065819.597136402
360965.5027390869	4065819.591776999
360965.84453680844	4065819.6087946324
360966.17513295385	4065819.614517674
360966.5140814238	4065819.620066163
360966.8610246385	4065819.6251825453
360967.22734141035	4065819.6303249868
360967.6207223609	4065819.6463789637
360968.0048994436	4065819.6512311213
360968.3889831513	4065819.6558302944
360968.79102054704	4065819.660392171
360969.19333164504	4065819.6763010607
360969.604495659	4065819.6925678854
360969.9886566012	4065819.6966640595
360970.3732621084	4065819.7015341106
360970.7567370472	4065819.695021608
360971.1496639495	4065819.688634757
360971.53366069496	4065819.68239308
360971.90803422674	4065819.6654901896
360972.30096112937	4065819.659103392
360972.7125347762	4065819.6634856937
360973.09732060443	4065819.679449861
360973.4991098779	4065819.6950881635
360973.90075127693	4065819.7225216543
360974.27675481216	4065819.726835858
360974.6789886443	4065819.7432480766
360975.04501556105	4065819.736287785
360975.43794245675	4065819.729901132
360975.8127436144	4065819.71296671
360976.2057556117	4065819.7063241876
360976.5993846343	4065819.7113023708
360976.9918830948	4065819.7048980007
360977.37606015266	4065819.7097505797
360977.7693476824	4065819.7255520197
360978.17158150306	4065819.741964403
360978.5730264251	4065819.7575480468
360978.9754290831	4065819.76141177
360979.37776440184	4065819.765736383
360979.7887319191	4065819.7701536296
360980.2169029487	4065819.774505228
360980.61941679113	4065819.7677490427
360981.03002367495	4065819.7499783603
360981.4495607167	4065819.732062555
360981.8601676025	4065819.7142919153
360982.2705941752	4065819.6854273006
360982.6633407509	4065819.667946987
360983.05600222305	4065819.6507225945
360983.45785926655	4065819.644191167
360983.8597163105	4065819.6376597574
360984.26183877146	4065819.6419664575
360984.6547656581	4065819.6355802277
360985.0483946619	4065819.6405588
360985.43275200954	4065819.6565057333
360985.8256110779	4065819.6722897533
360986.21057716233	4065819.699348504
360986.6216732887	4065819.7377863424
360987.00601449155	4065819.752977272
360987.3908002592	4065819.7689420814
360987.78452041873	4065819.785566074
360988.1680166455	4065819.800673248
360988.55237397464	4065819.816620321
360988.9456614574	4065819.832422274
360989.3388555603	4065819.8479712424
360989.749705393	4065819.8637207174
360990.13400006277	4065819.8572421162
360990.5450609234	4065819.8619128815
360990.91916076624	4065819.8336638287
360991.3214454198	4065819.8271010676
360991.72338754905	4065819.820314124
360992.11631441803	4065819.8139282377
360992.52698394173	4065819.8185838526
360992.92030214076	4065819.812213246
360993.3040251787	4065819.794625553
360993.6692882474	4065819.7667747526
360994.0533519914	4065819.738314397
360994.42781062407	4065819.7211565906
360994.8121397734	4065819.7035343596
360995.18702603434	4065819.686344883
360995.5531624368	4065819.6803945447
360995.93697885564	4065819.663059971
360996.30242222676	4065819.6463032775
360996.68693167623	4065819.6397751244
360997.05288778455	4065819.6227308577
360997.4102743223	4065819.628019721
360997.80365515535	4065819.6440750845
360998.17058057454	4065819.660330634
360998.53637545585	4065819.665203622
360998.92055245757	4065819.670057169
360999.29632111086	4065819.67532665
360999.6530055437	4065819.669250822
361000.01021178474	4065819.6634458005
361000.35732471035	4065819.647015715
361000.71453095064	4065819.6412107237
361001.0814699287	4065819.62384284
361001.42974601296	4065819.618183002
361001.76891165343	4065819.6015743096
361002.1084378696	4065819.6071536145
361002.43885364314	4065819.601784065
361002.7692694164	4065819.5964145283
361003.10861534317	4065819.5908998805
361003.44965480326	4065819.5967956143
361003.78918101324	4065819.6023749863
361004.1376373821	4065819.6078092516
361004.5022605306	4065819.6015429255
361004.88695932995	4065819.6066675317
361005.2796380388	4065819.611358451
361005.6727451814	4065819.6160671795
361006.0655786661	4065819.609428932
361006.458325244	4065819.5919497106
361006.86048778327	4065819.585647335
361007.2709694295	4065819.5787439556
361007.66371600813	4065819.5612647915
361008.0655730233	4065819.554734521
361008.4677036912	4065819.5595512623
361008.85160701966	4065819.5530582587
361009.24480753136	4065819.558020154
361009.62048278766	4065819.5630370863
361009.9862776444	4065819.5679105655
361010.3714474936	4065819.573056307
361010.755586076	4065819.57871159
361011.1027273958	4065819.5608652662
361011.4599336272	4065819.5550607233
361011.8169595838	4065819.5381622026
361012.18408884294	4065819.532504258
361012.5133314602	4065819.515749423
361012.85267738113	4065819.5102351634
361013.21998691134	4065819.515671256
361013.56003347837	4065819.5212757103
361013.8993793968	4065819.515761491
361014.23055326415	4065819.521515797
361014.5410176359	4065819.516091152
361014.87143339793	4065819.5107220826
361015.1817298373	4065819.4949627933
361015.5009432477	4065819.4687052025
361015.8022464812	4065819.421242091
361016.1144241597	4065819.370140356
361016.39474087325	4065819.245948307
361016.83071030234	4065819.163501799
361017.2440736737	4065819.016944732
361017.6609067392	4065818.8326208172
361017.94695748104	4065818.6863341006
361018.21001934924	4065818.526226399
361018.5134604632	4065818.3483103826
361018.7686346592	4065818.1668116283
361019.0251969374	4065817.9690273595
361019.26555432356	4065817.7596275997
361019.5050825511	4065817.543263873
361019.70873325056	4065817.311556879
361019.9147653031	4065817.0693240804
361020.10287508887	4065816.8279758617
361020.33912998665	4065816.4586374154
361020.49165254005	4065816.1968707778
361020.630208773	4065815.928293298
361020.7542103134	4065815.533429973
361020.9230923457	4065815.2665595943
361021.0664834337	4065814.823895668
361021.1062212127	4065814.5191992125
361021.2307612169	4065814.227215327
361021.2971551677	4065813.915422718
361021.3343446616	4065813.477183313
361021.3805348951	4065813.1756770536
361021.4183370838	4065812.7406718796
361021.455956362	4065812.319988616
361021.4850073327	4065811.9089304907
361021.53798021475	4065811.608843644
361021.5753684244	4065811.1970286476
361021.63540806324	4065810.857754996
361021.7659409684	4065810.5028391057
361021.8542530164	4065810.183298734
361021.94725726725	4065809.8599768337
361022.0014214206	4065809.536836987
361022.11690912396	4065809.249995806
361022.3023807934	4065808.9793550344
361022.5247773572	4065808.5886971815
361022.7028938192	4065808.3462282876
361022.8917558879	4065808.024674655
361023.20554420847	4065807.795524104
361023.56087632524	4065807.503164357
361023.8072115434	4065807.316164274
361024.06779679994	4065807.1540667475
361024.3333585009	4065807.005491858
361024.63055724965	4065806.878958337
361024.9454870551	4065806.789487964
361025.3945595406	4065806.6798291355
361025.6958745494	4065806.6196617424
361026.00235108484	4065806.5910732327
361026.31270450505	4065806.5749336802
361026.7244937566	4065806.5794056747
361027.15305231564	4065806.6542966818
361027.53849160386	4065806.736809474
361027.94199274434	4065806.8613483435
361028.3158846616	4065807.0090548266
361028.713184821	4065807.2068870086
361028.97016320814	4065807.365439656
361029.21812461544	4065807.5477668187
361029.5825423583	4065807.821356501
361029.94861882104	4065808.085451871
361030.263015233	4065808.3336530803
361030.5673166536	4065808.5995408017
361030.8663381464	4065808.8610085472
361031.1477429027	4065809.0826763785
361031.4464038646	4065809.321956161
361031.72600952577	4065809.521314313
361032.0094530117	4065809.701896657
361032.3070324404	4065809.874612514
361032.59446986066	4065810.0154002914
361032.882398112	4065810.1438852907
361033.24518980563	4065810.2765235873
361033.53742053657	4065810.359289099
361033.9345730248	4065810.4377347254
361034.27524115227	4065810.473989657
361034.65776177956	4065810.500885881
361035.03321058105	4065810.4947859515
361035.4434574187	4065810.454829916
361035.8404313348	4065810.3945007725
361036.237205621	4065810.2907528263
361036.512779032	4065810.157243398
361036.9107513991	4065810.052899784
361037.31781192194	4065809.861759813
361037.6012340781	4065809.7128951666
361037.9991104062	4065809.4556581373
361038.2521024993	4065809.270099163
361038.474213334	4065808.9675105205
361038.8263732786	4065808.762386436
361039.1276026655	4065808.4620189853
361039.36264221626	4065808.2321186764
361039.5441073972	4065807.8876654455
361039.82392489916	4065807.6352754654
361039.9812182398	4065807.377591217
361040.1245307746	4065807.104278959
361040.27560938976	4065806.8224656465
361040.3792571237	4065806.5273391535
361040.51080827584	4065806.2076330534
361040.5964758155	4065805.8949909927
361040.69004238537	4065805.522499442
361040.76209637994	4065805.1645071586
361040.8067394529	4065804.790978136
361040.84477583657	4065804.3919726526
361040.86380174366	4065803.983383295
361040.8751402235	4065803.590483358
361040.8682912548	4065803.1689116666
361040.8616225228	4065802.75843397
361040.84602361906	4065802.3481013547
361040.8219767454	4065801.9565714835
361040.80957351124	4065801.557477942
361040.7645291204	4065801.1696234765
361040.735958532	4065800.7971140575
361040.6372845094	4065800.40861545
361040.55551820487	4065800.0750345066
361040.4628054938	4065799.729013906
361040.3502362932	4065799.397935145
361040.2300154954	4065799.081219384
361040.09565086174	4065798.7841409133
361039.9551727111	4065798.501064791
361039.7897433613	4065798.215232501
361039.6104660165	4065797.9470676947
361039.4309552952	4065797.6996557605
361039.23418615956	4065797.452980077
361039.03470495786	4065797.1416811426
361038.7078113888	4065796.918267791
361038.3908990066	4065796.663153549
361038.03892063483	4065796.409789266
361037.6818703817	4065796.2064695787
361037.39742448565	4065796.0685806717
361037.10372632655	4065795.9305920997
361036.8000879921	4065795.8426939594
361036.4809089565	4065795.7733048713
361036.14941085095	4065795.7121091275
361035.81992080866	4065795.6734057628
361035.3920466892	4065795.6496334574
361034.97841397475	4065795.6339591276
361034.62359322875	4065795.6285275845
361034.226478039	4065795.601688755
361033.87557097996	4065795.6081156535
361033.51351857965	4065795.6023550294
361033.07131403295	4065795.587891747
361032.7405368744	4065795.5710721035
361032.40100978065	4065795.565491554
361032.0244470954	4065795.5372105115
361031.68488155544	4065795.5324311946
361031.3359039058	4065795.5269710855
361030.98914006545	4065795.532946053
361030.6317526069	4065795.527655758
361030.2656152141	4065795.5336045637
361029.899297572	4065795.528459392
361029.5240497494	4065795.523459331
361029.1396914929	4065795.5075103883
361028.76444366656	4065795.50251036
361028.38937609136	4065795.5086043403
361028.0230584434	4065795.503459249
361027.65674079367	4065795.498314174
361027.298180252	4065795.4816383445
361026.9492025902	4065795.476178415
361026.6201188491	4065795.4707693737
361026.28041148273	4065795.454095076
361025.9116709745	4065795.4144779737
361025.59188630653	4065795.4097976247
361025.2326251247	4065795.3820031956
361024.8856810147	4065795.376884419
361024.5092600956	4065795.360498902
361024.16277843114	4065795.3550316785
361023.7679853909	4065795.3392810654
361023.3927375434	4065795.3342812723
361023.0090812694	4065795.3296973887
361022.6069495544	4065795.3248799313
361022.23197528714	4065795.331227184
361021.8389540097	4065795.3373586508
361021.4822856823	4065795.3653478166
361021.116063215	4065795.3715529134
361020.7677861662	4065795.3772119205
361020.3918362939	4065795.3608474745
361020.00686511316	4065795.3329828563
361019.6499102353	4065795.328515112
361019.2661606282	4065795.3236783943
361018.89100609336	4065795.318931802
361018.50682805176	4065795.3140773275
361018.1226500089	4065795.309222872
361017.7377699414	4065795.293003646
361017.3629505086	4065795.288021909
361017.01476677717	4065795.2939340714
361016.6486293582	4065795.2998834597
361016.28113858576	4065795.2833531974
361015.93268125877	4065795.277918408
361015.58422392944	4065795.2724836324
361015.25328686007	4065795.2778279544
361014.9424239854	4065795.294317131
361014.6387978321	4065795.299250842
361014.335351947	4065795.315278556
361013.8888428971	4065795.32253405
361013.43113237165	4065795.3184949025
361012.95783277566	4065795.3261857755
361012.61888345616	4065795.320635419
361012.281230039	4065795.337560026
361011.9052801326	4065795.3211959517
361011.557524827	4065795.3271261267
361011.1817551901	4065795.3218560764
361010.8248894274	4065795.3168374007
361010.4498218222	4065795.3229321674
361010.08437735477	4065795.3396882275
361009.7097798828	4065795.3457468445
361009.334422417	4065795.3629718344
361008.9684652674	4065795.380015542
361008.5750246175	4065795.386688223
361008.2006499729	4065795.403589481
361007.82506968273	4065795.4099719645
361007.4589322569	4065795.4159217454
361007.1118182909	4065795.432351517
361006.74521072983	4065795.438337511
361006.36963044095	4065795.444720059
361005.9856326529	4065795.4509601393
361005.5837745022	4065795.457490475
361005.16417371447	4065795.452979317
361004.744633759	4065795.4487190726
361004.35104894044	4065795.4553289693
361003.9581209683	4065795.4617142607
361003.5471523514	4065795.457295822
361003.1364817382	4065795.4526396436
361002.7431624354	4065795.4590097466
361002.3681881483	4065795.4653578703
361002.002050718	4065795.4713078854
361001.65168262844	4065795.4766218914
361001.3503277751	4065795.4929958456
361001.03412940813	4065795.4865572476
361000.6087621576	4065795.482853118
361000.30203905626	4065795.465218253
360999.9982326033	4065795.459058492
360999.68841262016	4065795.4645189582
360999.3578156239	4065795.458794597
360999.009358263	4065795.4533604966
360998.6164302837	4065795.4597460334
360998.19671176	4065795.4665669673
360997.73373642704	4065795.4628248634
360997.2428387274	4065795.470814445
360996.75988397264	4065795.4675411177
360996.2688260964	4065795.464437827
360995.78502191085	4065795.472469482
360995.2952560265	4065795.469162896
360994.82056231843	4065795.488143469
360994.3379719283	4065795.4737925194
360993.8390955625	4065795.459537155
360993.34783726186	4065795.445338975
360992.8563166826	4065795.4311332395
360992.37346400664	4065795.4167748154
360991.8984096944	4065795.413567565
360991.425916855	4065795.4099523914
360990.9693102084	4065795.4064734685
360990.506426042	4065795.3799210694
360990.10236138327	4065795.3761755447
360989.6907424128	4065795.3374667205
360989.3407009361	4065795.321631724
360989.0095260769	4065795.3158783535
360988.5826077644	4065795.3010026864
360988.15924717806	4065795.296306202
360987.7874609737	4065795.291731889
360987.41592290543	4065795.2860470666
360986.97582654684	4065795.281878451
360986.55478448194	4065795.2634461015
360986.1966973607	4065795.249993459
360985.7636947571	4065795.246398829
360985.3750497168	4065795.2532613645
360984.9000565764	4065795.2495434307
360984.56222285033	4065795.255375139
360984.1869748978	4065795.2503770655
360983.8119072536	4065795.2564730006
360983.41897924576	4065795.262859236
360983.04391160124	4065795.268955204
360982.67777413863	4065795.274906046
360982.3033994847	4065795.2918084366
360981.92763884895	4065795.287098066
360981.57969411556	4065795.2813770715
360981.2118708448	4065795.2762299115
360980.86440624646	4065795.271088227
360980.49826878036	4065795.2770391623
360980.131951001	4065795.27189612
360979.764640404	4065795.2664614185
360979.39850293676	4065795.2724124007
360979.0515792823	4065795.300552769
360978.7044653113	4065795.3169836937
360978.34627521306	4065795.323113363
360977.9981784284	4065795.3398681036
360977.65026196244	4065795.367716851
360977.32895572676	4065795.384036176
360977.00990848755	4065795.411035959
360976.6865235745	4065795.4277688554
360976.3828973847	4065795.4327039253
360976.07909087493	4065795.426545012
360975.7464027974	4065795.4204757875
360975.4253137533	4065795.414636603
360975.0857865145	4065795.4090583287
360974.7479527828	4065795.414890425
360974.39074549696	4065795.420696471
360974.0251207099	4065795.42636008
360973.64954038244	4065795.432744065
360973.2835832375	4065795.4497893024
360972.9364692738	4065795.4662204627
360972.55906534445	4065795.4501610165
360972.2207112406	4065795.455968524
360971.8616301136	4065795.4392703236
360971.52361605444	4065795.4340085564
360971.1474856695	4065795.4065522775
360970.79855717305	4065795.40109844
360970.460022738	4065795.395812025
360970.1206758124	4065795.401327939
360969.79025906784	4065795.40669871
360969.46134443115	4065795.4117041165
360969.13092768774	4065795.4170749127
360968.7794549512	4065795.4116910542
360968.4579683881	4065795.4169167206
360968.14501450834	4065795.433061828
360967.8320974649	4065795.415954372
360967.33994291455	4065795.411886173
360967.01073786087	4065795.4071503854
360966.6541613369	4065795.3908143453
360966.2972954621	4065795.3857975244
360965.93097765144	4065795.3806550927
360965.55572965555	4065795.375657835
360965.1625279717	4065795.3706979146
360964.7785301261	4065795.3769398457
360964.43150948	4065795.3936243523
360964.0552786698	4065795.38895095
360963.6793985262	4065795.4058500854
360963.323184044	4065795.41194827
360962.9657964076	4065795.4066608
360962.6084087715	4065795.4013733445
360962.241278472	4065795.4070333866
360961.89399417216	4065795.412986467
360961.54688020446	4065795.42941809
360961.16947623144	4065795.4133591442
360960.81292033097	4065795.4302806365
360960.46516496874	4065795.43621289
360960.09920782474	4065795.453258692
360959.73394370097	4065795.481110899
360959.3684566932	4065795.4981205463
360958.9747261936	4065795.515925689
360958.6007122352	4065795.5550171034
360958.21754520794	4065795.58341113
360957.8333624774	4065795.6333410414
360957.46935487346	4065795.704388713
360957.10447981005	4065795.7879986037
360956.7794936343	4065795.8876942066
360956.4533416477	4065796.0031337095
360956.1549270698	4065796.1364330137
360955.86257556436	4065796.2854455523
360955.6005029868	4065796.4502036604
360955.3480401424	4065796.6186036733
360955.1492290606	4065796.87950124
360954.8554254283	4065797.0729801077
360954.61465077614	4065797.3738501407
360954.4060190598	4065797.672629031
360954.19692483806	4065797.997838969
360954.0131063873	4065798.3417061395
360953.86052895256	4065798.727994085
360953.7820870038	4065799.1206423477
360953.6500727544	4065799.5220658793
360953.5957373432	4065799.935073596
360953.5588681797	4065800.3586758645
360953.53619898664	4065800.6684385333
360953.49725917465	4065801.1114103724
360953.49793906754	4065801.537147822
360953.46681250696	4065801.8765412504
360953.46997339843	4065802.1985574006
360953.44200541347	4065802.541703794
360953.4304035939	4065802.8885422284
360953.4274249624	4065803.254789181
360953.41484847234	4065803.6185470084
360953.42152373906	4065803.979713597
360953.41872546106	4065804.357054542
360953.4126094871	4065804.7386860503
360953.3947275148	4065805.0787448003
360953.38820774626	4065805.4198965603
360953.36932205036	4065805.7326689796
360953.37469727907	4065806.044502912
360953.37261610664	4065806.488026919
360953.38787110563	4065806.876944978
360953.40302987304	4065807.264122259
360953.4092371621	4065807.619704794
360953.41388259066	4065807.9445984876
360953.4207795703	4065808.3297203686
360953.4177572826	4065808.7324171863
360953.43340408127	4065809.1062999037
360953.4386342364	4065809.4280257104
360953.45315526077	4065809.7717943327
360953.44801244646	4065810.115133383
360953.46505837387	4065810.5039978954
360953.4623839916	4065810.9152094396
360953.4689287705	4065811.31362368
360953.4759667334	4065811.7244823435
360953.4738855768	4065812.1680063447
360953.4698644456	4065812.6029681754
360953.47956808977	4065813.0449579083
360953.4685963504	4065813.487805864
360953.46629957453	4065813.8992500138
360953.461697822	4065814.2769718757
360953.4511093994	4065814.6229264666
