360950.8510551903	4065817.0890359464
360950.6924316299	4065816.7855437985
360950.68593889463	4065816.3861600324
360950.6805282823	4065816.053340226
360950.66626288655	4065815.6990523436
360950.6595144212	4065815.3101878366
360950.6446243065	4065814.9216506644
360950.6370577296	4065814.478283499
360950.6320078261	4065814.1676516817
360950.6360684409	4065813.703320204
360950.6374237508	4065813.4018757762
360950.64130401425	4065813.0910987817
360950.6452987705	4065812.771134396
360950.657928847	4065812.449118231
360950.6615142658	4065812.1364346365
360950.6651243175	4065811.794893201
360950.6686438781	4065811.4619282205
360950.65439297043	4065811.1489240397
360950.64042142057	4065810.824818396
360950.6435717623	4065810.4832844324
360950.6289416808	4065810.1203802135
360950.62364854885	4065809.7930770083
360950.5928972219	4065809.453781704
360950.5939477673	4065809.0667411904
360950.58835681103	4065808.722827393
360950.59189547243	4065808.3893275633
360950.59514419525	4065808.0538450493
360950.59848341165	4065807.709786078
360950.6020029812	4065807.376821099
360950.60570290504	4065807.054950114
360950.5946608588	4065806.7351309024
360950.57797549624	4065806.432061665
360950.5546521901	4065806.1125413827
360950.52981043054	4065805.6671568295
360950.52453633625	4065805.3448211863
360950.52822774736	4065805.036569203
360950.53474746883	4065804.726849155
360950.5361686645	4065804.4261092157
360950.54004894866	4065804.115332224
360950.54404372623	4065803.795367835
360950.5389698348	4065803.485346959
360950.543833149	4065803.1745592216
360950.5316737324	4065802.852844161
360950.5438447579	4065802.5091748647
360950.55313802185	4065802.173157509
360950.5564772522	4065801.829098541
360950.54177577863	4065801.474235929
360950.53618483426	4065801.130322138
360950.5393437139	4065800.7751691765
360950.54250259604	4065800.420016214
360950.5367313006	4065800.065008429
360950.5398901834	4065799.709855468
360950.5518702918	4065799.335421719
360950.57336150523	4065798.9719908317
360950.5857235499	4065798.6267289435
360950.6112391847	4065798.3042772585
360950.6962283198	4065797.95417461
360950.76261989103	4065797.6423813878
360950.8357396977	4065797.327728157
360950.90457977756	4065797.0174431326
360951.0744069704	4065796.711830317
360951.13613601075	4065796.402943481
360951.3554855941	4065796.1078406214
360951.52685956424	4065795.8159577884
360951.70494875783	4065795.529200457
360951.93154900684	4065795.238039478
360952.12839044956	4065794.973219763
360952.35588972876	4065794.7036110805
360952.609452495	4065794.4359308677
360952.87834627397	4065794.182635898
360953.1698194514	4065793.936759433
360953.4710186054	4065793.697769755
360953.78887376504	4065793.475516812
360954.12580162025	4065793.293195649
360954.4866035595	4065793.151504917
360954.8405865619	4065793.0093907123
360955.1956129033	4065792.900872513
360955.57043803774	4065792.8222177485
360955.9166143009	4065792.750138905
360956.2641701519	4065792.7001012866
360956.6419188894	4065792.681512723
360956.9900157821	4065792.6647571153
360957.34740354656	4065792.6700443383
360957.70596446475	4065792.686717244
360958.063352227	4065792.692004497
360958.41081699176	4065792.6971452576
360958.7590942247	4065792.6914837155
360959.11666232464	4065792.7078650035
360959.47423042456	4065792.7242463096
360959.82286833494	4065792.740772795
360960.1988185484	4065792.7571345856
360960.54675436905	4065792.7622963195
360960.9041421215	4065792.7675836906
360961.27145286754	4065792.7730175867
360961.6276674671	4065792.7669193204
360961.98487487785	4065792.7611127426
360962.3333324414	4065792.766545339
360962.6716966753	4065792.7613529083
360963.0211370438	4065792.7664617426
360963.35137356026	4065792.749996719
360963.69090093597	4065792.755574533
360964.0230113066	4065792.7616138854
360964.34525614145	4065792.7675114535
360964.6669231419	4065792.7733796276
360964.98649912863	4065792.778902048
360965.3081661272	4065792.784770246
360965.6581368636	4065792.7905193414
360965.966921157	4065792.774441925
360966.3263875652	4065792.779315973
360966.66573459987	4065792.773799911
360967.01401181996	4065792.7681387044
360967.362289039	4065792.7624775106
360967.7105662587	4065792.756816332
360968.04991329345	4065792.751300326
360968.3793473354	4065792.7462532786
360968.69973813253	4065792.741117372
360969.04134416534	4065792.7462818483
360969.3740323576	4065792.7523508156
360969.695699347	4065792.7582191806
360970.01527532144	4065792.763741786
360970.3369423098	4065792.769610175
360970.67874100717	4065792.7866280284
360971.0093381795	4065792.792351288
360971.34677451703	4065792.797583633
360971.6964051915	4065792.814402277
360972.0167187126	4065792.797791068
360972.35624606506	4065792.803369225
360972.686662906	4065792.7979985545
360973.01689942426	4065792.7815339053
360973.3363074071	4065792.7767219613
360973.6779134305	4065792.7818866237
360974.0278841468	4065792.787636061
360974.35678780376	4065792.78194909
360974.7052453346	4065792.7873821873
360975.0655382509	4065792.7939738454
360975.3928695689	4065792.776205593
360975.7597092187	4065792.781619225
360976.0985344909	4065792.7758327476
360976.45574188355	4065792.770026775
360976.8309899637	4065792.775024512
360977.20675979566	4065792.7802930577
360977.5723756207	4065792.7740711933
360977.95637356583	4065792.76782984
360978.34930169577	4065792.761443357
360978.74204951007	4065792.743962899
360979.1260474554	4065792.7377215973
360979.5097800384	4065792.720642223
360979.9027932152	4065792.7139999103
360980.2959016587	4065792.7187075084
360980.6706370578	4065792.7239930187
360981.06425817497	4065792.72841305
360981.4395062454	4065792.73341099
360981.81475431635	4065792.7384089464
360982.18089188833	4065792.73245807
360982.5472097713	4065792.7376012015
360982.9145204646	4065792.743036026
360983.2608220455	4065792.7374075907
360983.6461634137	4065792.7530306913
360984.03104372014	4065792.769248385
360984.40629178355	4065792.7742464566
360984.78153984266	4065792.779244542
360985.14785771986	4065792.7843877873
360985.49579347234	4065792.7895505326
360985.8710415277	4065792.794548667
360986.2383522108	4065792.799983633
360986.5957398988	4065792.8052720786
360986.9329309796	4065792.788694937
360987.29130147485	4065792.793659624
360987.63957866846	4065792.7879992565
360987.98119699844	4065792.793923809
360988.29148213373	4065792.7774042482
360988.601959913	4065792.7727380106
360988.916595046	4065792.7672446985
360989.36328456993	4065792.771081897
360989.8010439086	4065792.7750642537
360990.10758683714	4065792.781604753
360990.5690397669	4065792.7625826634
360990.92794062546	4065792.768187656
360991.26461133955	4065792.751585996
360991.6495920777	4065792.7450214718
360992.02465982153	4065792.738925883
360992.38186719705	4065792.733120576
360992.73014438775	4065792.7274604156
360993.06949139317	4065792.721945402
360993.38204784755	4065792.716865796
360993.70353448315	4065792.71164107
360994.03413160075	4065792.7173652183
360994.36454841995	4065792.711995386
360994.71300590504	4065792.7174292994
360995.0719067552	4065792.723034466
360995.42760094436	4065792.7169129164
360995.7848083165	4065792.7111077514
360996.15112616564	4065792.716251467
360996.51726372004	4065792.7103012037
360996.8930335027	4065792.715570613
360997.24078893894	4065792.7096398445
360997.5892464157	4065792.715073876
360997.9397949069	4065792.7208536984
360998.2591905248	4065792.7152833664
360998.635140592	4065792.7316468433
360998.99113324203	4065792.714764632
360999.4026146811	4065792.7188952547
360999.8312635205	4065792.7119292575
361000.30316917604	4065792.715526355
361000.78521883127	4065792.696595669
361001.277953354	4065792.6884191777
361001.77095526067	4065792.680564755
361002.2874247328	4065792.6942083
361002.8051951255	4065792.674697239
361003.3320759886	4065792.6661350806
361003.86108991073	4065792.646578396
361004.43030834984	4065792.637191271
361005.0016598499	4065792.6168096233
361005.302556276	4065792.6231301245
361005.9067053633	4065792.624721707
361006.2134519562	4065792.630509042
361006.5349613298	4065792.636375839
361006.86231083743	4065792.6535347444
361007.1960455599	4065792.658914097
361007.54096782464	4065792.6757584186
361007.8945727888	4065792.703687797
361008.2468333756	4065792.719739501
361008.61458128964	4065792.7590641663
361008.9845978831	4065792.7857477735
361009.3602064333	4065792.8129349235
361009.7483680873	4065792.8284493866
361010.1549568221	4065792.8554246263
361010.5481980228	4065792.859646401
361010.9590707998	4065792.86406412
361011.38339976006	4065792.857110575
361011.8077300957	4065792.8391719987
361012.25837748573	4065792.831795589
361012.6791075964	4065792.7813877985
361013.1293194147	4065792.7404074306
361013.6055733201	4065792.732225877
361014.07494467753	4065792.7135458975
361014.5532118725	4065792.6837057034
361015.0312424225	4065792.642857929
361015.4946501245	4065792.6020668084
361015.99501185777	4065792.560589367
361016.48921212234	4065792.530175034
361016.98379703466	4065792.5109193474
361017.49642942357	4065792.502548781
361018.0127796947	4065792.516504289
361018.5170706627	4065792.54180229
361019.01912875514	4065792.5444261474
361019.5306040875	4065792.5810913104
361020.01654388994	4065792.57256911
361020.5026341971	4065792.575810052
361021.02051138564	4065792.578486566
361021.5097263429	4065792.548464278
361021.99133385054	4065792.5184568968
361022.47705505765	4065792.499340991
361022.92803115776	4065792.4699667604
361023.4051840268	4065792.450971295
361023.85622948967	4065792.421594375
361024.320387772	4065792.39185159
361024.7487502091	4065792.341138036
361025.1982229327	4065792.3219728703
361025.6266071188	4065792.303917709
361026.05927342206	4065792.3192511555
361026.47935256705	4065792.334619577
361026.89503049763	4065792.3387953467
361027.29725683224	4065792.3433620306
361027.70812958945	4065792.3477805555
361028.1014341726	4065792.3524925816
361028.49877633364	4065792.3459729413
361028.868935044	4065792.3289317624
361029.24382250797	4065792.3117438154
361029.6109062719	4065792.316883682
361029.96475306724	4065792.333575018
361030.3220673612	4065792.3499474614
361030.6676597536	4065792.378079529
361030.99678796716	4065792.3831503014
361031.33306112373	4065792.4001547215
361031.64074968285	4065792.405993652
361031.9622590039	4065792.4118614024
361032.2663898061	4065792.41802855
361032.84993872105	4065792.4084408
361033.3968457936	4065792.3774896227
361033.92333334434	4065792.3578475066
361034.41060570226	4065792.349962875
361034.8828468041	4065792.377161072
361035.28758243663	4065792.3912441204
361035.6817080881	4065792.4179176283
361036.0583093284	4065792.4453976303
361036.3879135405	4065792.450831731
361036.7124969795	4065792.468177716
361037.11161887035	4065792.461267735
361037.4922673505	4065792.477903625
361037.80436312704	4065792.4626129135
361038.12350892724	4065792.455945982
361038.44499551854	4065792.450722939
361038.83543387573	4065792.445369419
361039.21943175455	4065792.4391308166
361039.5497391402	4065792.4327536593
361039.9302073756	4065792.438295665
361040.32237832947	4065792.442940938
361040.72906403494	4065792.4468847304
361041.0356068556	4065792.4534270526
361041.3456071455	4065792.459062079
361041.6581635563	4065792.453984237
361041.9975105146	4065792.448471165
361042.32624494995	4065792.4323745607
361042.6851346178	4065792.4372999812
361043.04234194336	4065792.431496791
361043.3896362714	4065792.426162475
361043.7649938659	4065792.4089389844
361044.1311313746	4065792.4029907607
361044.5245721116	4065792.396319718
361044.9085699869	4065792.390081372
361045.2923876311	4065792.3727490506
361045.6942458709	4065792.3662205846
361046.09610411205	4065792.359692138
361046.5157049355	4065792.3642053064
361046.91774340195	4065792.3687708895
361047.3196016407	4065792.3622425
361047.7220314371	4065792.366823367
361048.09649312496	4065792.3607648355
361048.5171781807	4065792.37609974
361048.91028645873	4065792.380810491
361049.28544104996	4065792.385558403
361049.6788228712	4065792.401616184
361050.05547249125	4065792.440738991
361050.42411701963	4065792.491834525
361050.7838969846	4065792.5528557785
361051.14105475985	4065792.635544685
361051.49989488884	4065792.709407488
361051.8257710844	4065792.8025877276
361052.18392421165	4065792.9096223917
361052.54329513025	4065793.0316966614
361052.88694062096	4065793.1530611007
361053.20214319904	4065793.2773446143
361053.5135427506	4065793.4671973903
361053.77109919	4065793.722774191
361054.05119322974	4065793.910646825
361054.33222089114	4065794.040032092
361054.7168529872	4065794.329182668
361054.943390537	4065794.5563655337
361055.1479552514	4065794.780228096
361055.3706417703	4065795.0154865626
361055.574801537	4065795.2940106513
361055.73597341153	4065795.5761936153
361055.8847496374	4065795.881362501
361056.0055275928	4065796.16792042
361056.1086067755	4065796.4910298917
361056.1664182771	4065796.802660022
361056.2818089423	4065797.109817798
361056.3406162734	4065797.430673156
361056.38392013306	4065797.769795275
361056.42408920487	4065798.083062353
361056.4365443606	4065798.424080216
361056.4719939389	4065798.7762728157
361056.4944873795	4065799.0774356136
361056.51427307155	4065799.419144061
361056.52920740587	4065799.7203068584
361056.57290144596	4065800.0533012426
361056.6161912105	4065800.5186686236
361056.64798393514	4065800.828255355
361056.65943713	4065801.1385969864
361056.6763493256	4065801.4584075804
361056.6812807612	4065801.7782267425
361056.69573201594	4065802.101714024
361056.7096995468	4065802.4258197113
361056.7335741751	4065802.7926366264
361056.7479108224	4065803.125311307
361056.75390818657	4065803.4959243145
361056.7770576006	4065803.822937319
361056.78355405515	4065804.2087020255
361056.78625729284	4065804.5608024406
361056.7855264545	4065804.894157036
361056.79066309694	4065805.196212341
361056.78649277805	4065805.508201226
361056.7739646818	4065805.817911067
361056.7895582733	4065806.2500507715
361056.7962308307	4065806.6387213804
361056.7928306107	4065807.005556783
361056.78972410323	4065807.3379329825
361056.77678276197	4065807.672793317
361056.7643992201	4065808.0047413567
361056.7612359685	4065808.359894156
361056.73305053514	4065808.8122219243
361056.72173520696	4065809.210093232
361056.71109199803	4065809.6538047837
361056.70154373144	4065810.1633469514
361056.7056914988	4065810.674048642
361056.7004435231	4065811.1953783087
361056.7085490626	4065811.694840944
361056.7255959529	4065812.1883283905
361056.7422754193	4065812.665224968
361056.76348420867	4065813.1419764804
361056.79291730264	4065813.590414236
361056.8182032177	4065814.0400095456
361056.83869702346	4065814.472385092
361056.84633587144	4065814.8939567767
361056.8385240447	4065815.3007802702
361056.80898303096	4065815.707110798
361056.7313860652	4065816.1090221717
361056.6571420115	4065816.4875234854
361056.5633625967	4065816.8732076646
361056.4414468153	4065817.2508092453
361056.38291344745	4065817.6321627307
361056.15153435647	4065817.971064298
361056.06194155174	4065818.299526396
361055.8827870768	4065818.6001134804
361055.62856004626	4065818.8635414066
361055.46303212194	4065819.1214594953
361055.26595628075	4065819.364180215
361055.0502185934	4065819.5952016553
361054.8171744275	4065819.8254405363
361054.58841459145	4065820.0399981565
361054.33125294273	4065820.264366418
361054.06242001377	4065820.471739439
361053.7759736756	4065820.6790051293
361053.4519568764	4065820.859640568
361053.1053078442	4065821.029509994
361052.747903669	4065821.1805541334
361052.3926800036	4065821.308390864
361052.04154956096	4065821.4071754706
361051.6917315048	4065821.4933144073
361051.3729641891	4065821.5647431943
361051.0306464037	4065821.6065387847
361050.5871317969	4065821.6792020304
361050.25290596706	4065821.697231569
361049.9245331826	4065821.7355158837
361049.557767957	4065821.7637296445
361049.1642032224	4065821.781266535
361048.75390195916	4065821.7992618973
361048.3519198176	4065821.8166562985
361047.9416185558	4065821.8346516993
361047.5486918567	4065821.8410350243
361047.18255561154	4065821.846983137
361046.8154264889	4065821.8526395815
361046.4770735799	4065821.8584441817
361046.1646984801	4065821.8746158723
361045.8404765695	4065821.8794575417
361045.42385630176	4065821.908845296
361045.02217967965	4065821.926467806
361044.6381831335	4065821.932706186
361044.2273961279	4065821.9393798206
361043.7896384316	4065821.935394723
361043.3520609674	4065821.9425036386
361043.04843578965	4065821.947436369
361042.5900813572	4065821.9433603776
361042.1552403214	4065821.9508504695
361041.83130327886	4065821.9335396304
361041.5119088797	4065821.93910837
361041.18113276764	4065821.9222884276
361040.8309830996	4065821.905442287
361040.50190047186	4065821.9000327433
361040.1625546792	4065821.9055459094
361039.82302864664	4065821.899965094
361039.50380214874	4065821.915868577
361039.1644563546	4065821.921381782
361038.82453398616	4065821.9269431653
361038.4557224392	4065821.9218713436
361038.10861961194	4065821.938915354
361037.75210649596	4065821.955525175
361037.34955665236	4065821.9512476665
361036.9386762558	4065821.957668648
361036.5458429265	4065821.964305481
361036.1529162175	4065821.9706893293
361035.7330188049	4065821.966414466
361035.30484803376	4065821.962060094
361034.89322397794	4065821.9578648056
361034.5001170196	4065821.953154737
361034.1064882452	4065821.948173892
361033.74998420285	4065821.9653422786
361033.3838479465	4065821.9712909833
361033.0445021483	4065821.976804431
361032.6783658918	4065821.9827531665
361032.31170782	4065821.988431122
361031.95502353087	4065821.9945055917
361031.5888872743	4065822.0004543737
361031.2041886479	4065821.99532857
361030.8296440526	4065822.001693273
361030.436537084	4065821.99698339
361030.0525405206	4065822.0032224255
361029.6594335517	4065821.9985125796
361029.2573030482	4065821.9936948437
361028.8733998624	4065822.0001869346
361028.48047314456	4065822.006571136
361028.08754642506	4065822.012955355
361027.7124800127	4065822.0190493995
361027.3473266278	4065822.0246745767
361026.9712773358	4065822.0310924384
361026.61407122697	4065822.036896337
361026.26561501494	4065822.031461158
361025.908228647	4065822.0261710933
361025.5413903134	4065822.0207553473
361025.1838236871	4065822.00437132
361024.81802897685	4065821.9994971934
361024.4246483559	4065821.9834405924
361024.0404715242	4065821.978585904
361023.65629469167	4065821.9737312347
361023.29043206334	4065821.991027367
361022.92527867376	4065821.996652735
361022.54011896026	4065821.9921219
361022.1829128442	4065821.997925983
361021.8066732834	4065821.9926346103
361021.4681400876	4065821.987346208
361021.1107537063	4065821.9820563425
361020.7723907715	4065821.987246491
361020.41250826116	4065821.981964065
361020.0746756997	4065821.9877944035
361019.72639973223	4065821.9934534836
361019.3870539197	4065821.9989674743
361019.05645799305	4065821.993242379
361018.6975583585	4065821.9876362416
361018.3597257921	4065821.9934666473
361018.0112695572	4065821.988031803
361017.6702302241	4065821.9821354942
361017.3413278112	4065821.9878208335
361017.01984230167	4065821.993044703
361016.6894266368	4065821.998413692
361016.3768712798	4065822.003492477
361016.055385769	4065822.0087163826
361015.7340805291	4065822.0250342926
361015.232478705	4065822.032844036
361014.9305470229	4065822.0491881324
361014.601994073	4065822.0763798133
361014.2700762381	4065822.0821142695
361013.9487709998	4065822.098432247
361013.63847466226	4065822.1141915843
361013.2702596422	4065822.1205546926
361012.90448391374	4065822.1486922596
361012.5485568182	4065822.175561406
361012.1459617295	4065822.1943087853
361011.7814650334	4065822.243511063
361011.3989333485	4065822.2829055837
361011.0058036578	4065822.333793888
361010.6587388791	4065822.4028232717
361010.3153507282	4065822.4851748417
361009.97726686526	4065822.5683471547
361009.6395435639	4065822.6737074647
361009.2908984413	4065822.777251785
361008.9226036407	4065822.8953859927
361008.5605287231	4065823.033881482
361008.23185775505	4065823.2066271934
361007.86363409885	4065823.38810727
361007.5312097947	4065823.608131741
361007.2069041524	4065823.849496007
361007.03939465445	4065824.128314091
361006.71673276665	4065824.265394763
361006.42600059835	4065824.562509518
361006.29682237306	4065824.8704128335
361005.9443985733	4065825.2040191633
361005.7709165815	4065825.5576348407
361005.6277235691	4065825.9315101802
361005.52434934105	4065826.3025795687
361005.4536255501	4065826.6765666744
361005.3983914381	4065827.0589570776
361005.3695881819	4065827.4416263723
361005.3674354404	4065827.814967074
361005.35548062687	4065828.2178089046
361005.36237530713	4065828.6029308042
361005.36026261735	4065829.0314215664
361005.36691278074	4065829.439787914
361005.364887109	4065829.8568422324
361005.3720984714	4065830.3006019457
361005.3880596955	4065830.733122548
361005.40055882937	4065831.1944119246
361005.39391284686	4065831.6429750826
361005.4010993457	4065832.093170465
361005.40454961074	4065832.5194005184
361005.42368281423	4065832.9340578755
361005.44839389465	4065833.355339366
361005.4460271198	4065833.750543489
361005.4433508489	4065834.146547819
361005.43748553906	4065834.516319239
361005.43744540436	4065834.871472134
361005.4163526358	4065835.2349568475
361005.41030704457	4065835.5796957156
361005.3916103262	4065835.9128057435
361005.3787740056	4065836.224338722
361005.3587394398	4065836.688733498
361005.3384766344	4065837.101034646
361005.32740242395	4065837.470522097
361005.31542123883	4065837.838075941
361005.3195144067	4065838.182134845
361005.32600141206	4065838.489137471
361005.31463019736	4065838.879070167
361005.32202629803	4065839.3121168385
361005.3185047038	4065839.645081747
361005.2963064665	4065839.9843297536
361005.28356018424	4065840.307552003
361005.2717682776	4065840.630945397
361005.2502061355	4065840.9531065575
361005.2279841791	4065841.2849843516
361005.20746152784	4065841.6190820136
361005.1818263552	4065841.971708932
361005.1103257629	4065842.335607535
361005.0537642495	4065842.702725151
361005.00987756636	4065843.079702822
361004.89386999694	4065843.461802087
361004.79080256075	4065843.825444043
361004.6484704817	4065844.198874147
361004.4980547505	4065844.5551699176
361004.3210862833	4065844.909939404
361004.2354495721	4065845.2551932363
361003.9157951154	4065845.591495953
361003.67025032785	4065845.93099962
361003.4004599274	4065846.243000375
361003.13673469867	4065846.536366657
361002.9701743503	4065846.8014613036
361002.68832864583	4065846.929126434
361002.36740754684	4065847.177751901
361002.045913569	4065847.391200637
361001.7213763407	4065847.571083408
361001.40259612806	4065847.742717789
361001.06316343544	4065847.867215645
361000.74612339475	4065847.993602368
361000.4171510491	4065848.087723961
361000.08754339954	4065848.1848393045
360999.7659737366	4065848.2590933056
360999.44360932405	4065848.3105404153
360999.1441237594	4065848.3575859964
360998.7920234968	4065848.410057097
360998.43330042216	4065848.4391238363
360998.12461928115	4065848.496940359
360997.7837591584	4065848.5272863903
360997.46345936705	4065848.565736732
360997.13050234143	4065848.582670322
360996.8112769096	4065848.5985754235
360996.48046597297	4065848.615087386
360996.1413014872	4065848.631696323
360995.8004544721	4065848.63757666
360995.46128998476	4065848.6541856225
360995.1420645587	4065848.670090788
360994.8029000744	4065848.6866997783
360994.4734484625	4065848.7021797597
360994.104451749	4065848.7095276187
360993.75617683894	4065848.7151877894
360993.4183342854	4065848.72033746
360993.04041322996	4065848.7043187716
360992.6830278944	4065848.699030126
360992.3171834941	4065848.693907517
360991.96032002405	4065848.688889694
360991.5658989704	4065848.660900755
360991.2094682301	4065848.6567050624
360990.8337007628	4065848.6514359713
360990.4582748618	4065848.635343697
360990.0917790832	4065848.619106301
360989.7339226708	4065848.613796892
360989.3676071944	4065848.6086535207
360989.0024649581	4065848.6148958392
360988.6361494809	4065848.609752501
360988.27876412746	4065848.604464038
360987.9215590829	4065848.610269585
360987.5542506668	4065848.6048346125
360987.22464862454	4065848.599402456
360986.8585134503	4065848.6053531864
360986.51122145937	4065848.610689859
360986.1351732278	4065848.6171095534
360985.7870786165	4065848.633864042
360985.4120133147	4065848.6399599747
360985.01899432536	4065848.646093205
360984.6352726466	4065848.663681311
360984.26090045355	4065848.68058368
360983.87690502685	4065848.6868248233
360983.5015072446	4065848.7043024423
360983.1534126366	4065848.7210570388
360982.80513771425	4065848.726717655
360982.47472304653	4065848.732087997
360982.13368462236	4065848.7261931314
360981.81162224297	4065848.7313889465
360981.35536014754	4065848.727662054
360980.9084932001	4065848.712731362
360980.4707366964	4065848.708749542
360980.1696685768	4065848.702971637
360979.83032377646	4065848.708487227
360979.445626156	4065848.7033637827
360979.0534027871	4065848.7211150764
360978.6426169759	4065848.727791899
360978.2320114855	4065848.7455627355
360977.83003065473	4065848.762960489
360977.4108005057	4065848.781104466
360977.02725088253	4065848.809277998
360976.65279353305	4065848.8264366076
360976.2779085483	4065848.843626934
360975.90251077525	4065848.86110489
360975.52744547225	4065848.867201257
360975.16131029517	4065848.8731524874
360974.79499479337	4065848.8680097396
360974.4101168404	4065848.851792529
360974.0532533334	4065848.8467754545
360973.67766615807	4065848.8526011114
360973.329732773	4065848.84743891
360972.9635975923	4065848.853390236
360972.5974624116	4065848.8593415776
360972.2223971025	4065848.8654380897
360971.8478445897	4065848.8712470084
360971.4447739083	4065848.866701846
360971.0613855076	4065848.8729584506
360970.6592643255	4065848.8686524127
360970.23948562075	4065848.853049049
360969.8373320329	4065848.859818897
360969.42654621514	4065848.8664961634
360969.00664993987	4065848.8622246142
360968.57800386846	4065848.8691922375
360968.158468257	4065848.887108717
360967.7208920598	4065848.8942215433
360967.28349619574	4065848.912428386
360966.84573966445	4065848.908447263
360966.373927923	4065848.882041402
360965.9359910511	4065848.866966332
360965.488943713	4065848.840942453
360965.06782809616	4065848.82618127
360964.62991607725	4065848.788258529
360964.1922719703	4065848.7510511433
360963.76225107623	4065848.7135874494
360963.33252853755	4065848.6990157235
360962.9126322369	4065848.6947444733
360962.510119786	4065848.7015015325
360962.11706907774	4065848.71875486
360961.71551883867	4065848.7255152822
360961.331969231	4065848.7536895187
360960.930208704	4065848.7715719277
360960.5649469833	4065848.79942416
360960.18131221825	4065848.827854356
360959.8160078461	4065848.855958047
360959.46809358953	4065848.8838076014
360959.11901606113	4065848.900886972
360958.7975314989	4065848.9061130597
360958.4820602262	4065848.8997189063
360958.1809920607	4065848.8939417736
360957.87409022154	4065848.865214485
360957.4151856333	4065848.8159332946
360957.1106595824	4065848.7653991347
360956.7947972153	4065848.701922347
360956.45386009285	4065848.6136480053
360956.1580529653	4065848.5458196253
360955.82641752827	4065848.4381836616
360955.4994839933	4065848.3174834596
360955.1755475827	4065848.196933843
360954.8608965869	4065848.053699883
360954.5726075903	4065847.9030295196
360954.26499465905	4065847.7191841803
360953.9808957789	4065847.521190143
360953.68500783254	4065847.2990030977
360953.41240170837	4065847.061669664
360953.1541587348	4065846.8175174473
360952.89454417053	4065846.5388375726
360952.655579272	4065846.240261821
360952.4362062688	4065845.933114209
360952.3290256882	4065845.6093001994
360952.1273325684	4065845.254945761
360951.8623309566	4065844.911340882
360951.7742010082	4065844.512704345
360951.55601190147	4065844.131384628
360951.489394857	4065843.7119261487
360951.31697014853	4065843.327415951
360951.2269243964	4065842.916097935
360951.1879574792	4065842.498657353
360951.08855627826	4065842.0971748647
360951.026949369	4065841.6795891067
360950.9675876904	4065841.305587794
360950.9330114688	4065840.9139178167
360950.9179492678	4065840.536867202
360950.9115151547	4065840.152107777
360950.8964529521	4065839.7750571617
360950.8729737198	4065839.417280728
360950.840962949	4065839.059582435
360950.82863260614	4065838.6998108183
360950.81411146594	4065838.347855426
360950.8085204643	4065838.0121283727
360950.7911051355	4065837.690547727
360950.7854051749	4065837.3274983424
360950.77406753786	4065836.9729626644
360950.77386246435	4065836.617482735
360950.7676590048	4065836.2483285265
360950.7618289885	4065835.878696372
360950.7641446634	4065835.4826977737
360950.7578322462	4065835.0944079896
360950.7603131548	4065834.687729389
360950.7570232321	4065834.2882004343
360950.7741180421	4065833.888526302
360950.76740138186	4065833.4851981755
360950.7696584028	4065833.0745752268
360950.7631656362	4065832.67519145
360950.76870233606	4065832.271858135
360950.7499997503	4065831.8653299045
360950.7522567768	4065831.454706957
360950.7545573411	4065831.036934364
360950.7568143706	4065830.6263114153
360950.7680015461	4065830.2155432925
360950.7734947138	4065829.7940569106
360950.7992534372	4065829.365307327
360950.81013252895	4065828.9609057596
360950.8304302187	4065828.561086454
360950.85108873935	4065828.1541549535
360950.8715667883	4065827.765429641
360950.9109053918	4065827.379244737
360950.9484238487	4065826.9984923047
360951.00547323073	4065826.6132470234
360951.06218213704	4065826.2448990173
360951.13768804417	4065825.870199432
360951.22261198616	4065825.5066298638
360951.32637211867	4065825.140464748
360951.4388387534	4065824.776623152
360951.5504231622	4065824.4276869306
360951.69338241435	4065824.0791329755
360951.83960407996	4065823.732751181
360951.9949362632	4065823.3973182086
360952.18023370724	4065823.0664226757
360952.3894360357	4065822.726000722
360952.6023486949	4065822.4179950245
360952.8374375452	4065822.127382218
360953.07862437336	4065821.8409158234
360953.35420634766	4065821.569820032
360953.62725381146	4065821.332345772
360953.9252067424	4065821.093547435
360954.21629490005	4065820.866876843
360954.54123816016	4065820.6576325116
360954.87751817494	4065820.46351806
360955.24461089424	4065820.2843697486
360955.60390185594	4065820.1210636646
360956.0150484841	4065819.9850624483
360956.4147413913	4065819.8454018272
360956.8335512725	4065819.736309617
360957.25963490526	4065819.6490213093
360957.6693400745	4065819.5757795386
360958.0695254432	4065819.513874714
360958.48054164596	4065819.473817201
360958.8995105485	4065819.4441199047
360959.309756767	4065819.404160195
360959.69283033157	4065819.365420157
360960.0944986308	4065819.34703744
360960.4778874364	4065819.3297329773
360960.8623969401	4065819.323203214
360961.2381657071	4065819.328471024
360961.5771702268	4065819.333777934
360961.94436951325	4065819.361378929
360962.29347739514	4065819.3779263687
360962.6230806903	4065819.383357598
360962.96260701213	4065819.3889353527
360963.29547459056	4065819.4060980473
360963.61486917944	4065819.4005263904
360963.9394519398	4065819.4178695916
360964.25154244096	4065819.423847567
360964.56427828537	4065819.429860872
360964.9997649187	4065819.4224021574
360965.4581196969	4065819.4264739957
360965.85279473907	4065819.409081994
360966.16432750464	4065819.4150490942
360966.59243001183	4065819.4191325656
360967.03929854056	4065819.43406255
360967.3491176245	4065819.4286008743
360967.67971377494	4065819.4343239744
360968.01924008055	4065819.439901929
360968.37662670255	4065819.4451895794
360968.7516933038	4065819.4390929355
360969.1363922034	4065819.4442159366
360969.52038896416	4065819.43797417
360969.90456604987	4065819.442826412
360970.28831470356	4065819.447660885
360970.66399006644	4065819.4526761076
360971.03923699213	4065819.4576735566
360971.4050319534	4065819.462545388
360971.7897308443	4065819.4676685063
360972.15534547647	4065819.4614463765
360972.5305923999	4065819.4664438916
360972.91529128666	4065819.471567061
360973.2809059179	4065819.4653449794
360973.6559725135	4065819.459248551
360974.02159622114	4065819.4535848983
360974.41521618445	4065819.4580045845
360974.8081430929	4065819.4516179017
360975.2188126805	4065819.4562726896
360975.6118572224	4065819.43855429
360976.02252680936	4065819.4432091163
360976.42486215144	4065819.4475335935
360976.85303320445	4065819.451885023
360977.2555470686	4065819.4451286797
360977.66633428674	4065819.4384518303
360978.05956672	4065819.4322932498
360978.4789785678	4065819.4252433404
360978.8896481468	4065819.4298983035
360979.30102314556	4065819.4350868408
360979.69384054164	4065819.4276913092
360980.10480807384	4065819.432108569
360980.5333379621	4065819.436473319
360980.9439466482	4065819.4408774865
360981.3547338622	4065819.434200816
360981.7483175637	4065819.427589827
360982.1501746209	4065819.421058339
360982.5431015198	4065819.414672012
360982.92691795086	4065819.397336854
360983.30082135706	4065819.380470645
360983.703661283	4065819.373615439
360984.0691046695	4065819.3568582237
360984.4537944555	4065819.3614235143
360984.8293828493	4065819.3555983673
360985.17597398	4065819.338896874
360985.5721265578	4065819.355565004
360985.92797244334	4065819.348840065
360986.2757267498	4065819.3429088187
360986.6418631774	4065819.3369581006
360987.00799960434	4065819.3310073973
360987.3751289037	4065819.325348388
360987.74027245917	4065819.3191060377
360988.10640888655	4065819.3131553815
360988.5000378963	4065819.318134113
360988.87476297456	4065819.322861555
360989.25867461023	4065819.3168765767
360989.6607970685	4065819.32118353
360990.0354179386	4065819.293155738
360990.4189870485	4065819.2869466115
360990.8122463739	4065819.2691790666
360991.1772196303	4065819.252458338
360991.58023985155	4065819.2566974973
360991.96423658857	4065819.2504567374
360992.3574371592	4065819.2554178583
360992.7143697513	4065819.2382655367
360993.09906859626	4065819.2433896135
360993.4466425988	4065819.2263646666
360993.812779023	4065819.2204142543
360994.17909574404	4065819.225557851
360994.54541246453	4065819.230701464
360994.9117291825	4065819.2358450918
360995.2881492234	4065819.252229277
360995.6539948777	4065819.2573520504
360996.00192947173	4065819.2625151933
360996.35931602924	4065819.267804013
360996.7167025844	4065819.273092847
360997.0740891388	4065819.2783816955
360997.4331692293	4065819.2950809235
360997.79021570284	4065819.311439105
360998.13885238906	4065819.3279671194
360998.45784298383	4065819.3228162383
360998.8169119894	4065819.3388337786
360999.16706191486	4065819.355678204
360999.53238718177	4065819.3607764523
360999.8902447879	4065819.366086306
361000.2555686176	4065819.370938483
361000.6489494489	4065819.386993977
361001.0149924804	4065819.38079087
361001.3998715869	4065819.397009313
361001.7842288811	4065819.412956979
361002.1589539215	4065819.4176850016
361002.5434045863	4065819.4338857057
361002.91062077344	4065819.4390683537
361003.28469446005	4065819.432681544
361003.6597610192	4065819.426586432
361004.0439380189	4065819.431440207
361004.43686488835	4065819.425054887
361004.8297917583	4065819.418669584
361005.2404612652	4065819.42332581
361005.651428731	4065819.427744299
361006.0709675031	4065819.432004552
361006.4734813278	4065819.425249583
361006.91076273797	4065819.440551392
361007.33977078873	4065819.4557737177
361007.76002724486	4065819.4600603255
361008.17956601235	4065819.464320682
361008.591009987	4065819.4574206965
361008.99278190115	4065819.451146373
361009.4035690753	4065819.4444710487
361009.81462163164	4065819.4486338324
361010.21660389705	4065819.431237622
361010.6358980218	4065819.4355210415
361011.02001240733	4065819.417949387
361011.4037437309	4065819.4008714105
361011.80568585446	4065819.394085412
361012.1800593942	4065819.3771842844
361012.58313122945	4065819.3817314073
361012.95801750437	4065819.3645427106
361013.30532612413	4065819.336680482
361013.67978477373	4065819.319523518
361014.045740895	4065819.302479979
361014.38237758604	4065819.275887612
361014.7500319982	4065819.2466764776
361015.0883178178	4065819.2079219157
361015.40481287474	4065819.150277076
361015.7253971438	4065819.089583186
361016.0264134804	4065818.998363024
361016.42525671097	4065818.8540271055
361016.7141456324	4065818.744486249
361017.0897113726	4065818.5814469866
361017.34274472384	4065818.386464395
361017.7452785204	4065818.2538483837
361018.03250731557	4065818.1027632435
361018.32894286694	4065817.922846614
361018.6222283502	4065817.7227853457
361018.9435979261	4065817.4994117916
361019.2524138175	4065817.2458327813
361019.56448505615	4065816.956376766
361019.8346587168	4065816.6631370448
361020.078617126	4065816.360680901
361020.3023456259	4065816.039796224
361020.47497106413	4065815.7199742063
361020.63444113143	4065815.383040168
361020.76898317906	4065815.032009993
361020.8758340762	4065814.6734767966
361020.9541915031	4065814.3265722734
361020.9965748207	4065813.9369766125
361021.06090995343	4065813.573632373
361021.09834555717	4065813.1854494475
361021.13244224025	4065812.7856304147
361021.15257515886	4065812.403597763
361021.1734678818	4065812.007348012
361021.2030596269	4065811.6295718616
361021.25126866007	4065811.2440745877
361021.30891745666	4065810.869665915
361021.38455385034	4065810.4840542497
361021.4685817034	4065810.1254166146
361021.579905683	4065809.7527146437
361021.72241944197	4065809.3903788207
361021.88014644594	4065809.0375539754
361022.0581370318	4065808.703189456
361022.2673424524	4065808.362769299
361022.48554934654	4065808.0485099745
361022.61879782187	4065807.746572299
361022.99100925104	4065807.446938506
361023.25873382116	4065807.195067549
361023.5440720784	4065806.959005098
361023.8464851647	4065806.758466466
361024.1561569458	4065806.575884094
361024.5243229789	4065806.433882351
361024.8818809285	4065806.313903465
361025.2483061991	4065806.218752908
361025.6414867197	4065806.1548274467
361026.0694025332	4065806.1125905165
361026.48027540155	4065806.105660129
361026.89151705074	4065806.1214266513
361027.30431721004	4065806.172411625
361027.69130348234	4065806.2460620916
361028.0768033353	4065806.367218108
361028.4321318564	4065806.500466827
361028.75614147	4065806.6505592954
361029.0748713383	4065806.8245546254
361029.3880055583	4065807.027978346
361029.672034522	4065807.236733404
361029.9770691762	4065807.4695862993
361030.14793446095	4065807.75905698
361030.58753412607	4065808.0137964003
361030.8854092304	4065808.2742201653
361031.17883761803	4065808.508982126
361031.5034086885	4065808.729225057
361031.827342723	4065808.939167944
361032.18448487663	4065809.1311279526
361032.54165539815	4065809.3122099787
361032.917702484	4065809.4523168877
361033.3040428126	4065809.590299894
361033.6736249336	4065809.6876691636
361034.0769243408	4065809.769892064
361034.4639900101	4065809.827586804
361034.85726165876	4065809.842634808
361035.23223524063	4065809.8362880885
361035.6062487329	4065809.7972000167
361035.970872517	4065809.7379741627
361036.34590869665	4065809.653988407
361036.68066402414	4065809.542533307
361037.0158643641	4065809.4077769723
361037.30869152775	4065809.238504365
361037.618183239	4065809.044828493
361037.89724483836	4065808.8427853854
361038.17607900035	4065808.6410390623
361038.4406877424	4065808.4066983974
361038.7007890887	4065808.1508205845
361038.9466692087	4065807.856199105
361039.18504639727	4065807.5500049023
361039.39387914963	4065807.21602173
361039.60243556526	4065806.8575319764
361039.7675084528	4065806.4917776166
361039.91052308166	4065806.1068089223
361040.0255630241	4065805.7031852608
361040.0612496643	4065805.300994363
361040.16594869044	4065804.8847050113
361040.22273054725	4065804.455674734
361040.2438240906	4065804.0315543544
361040.28576674574	4065803.5939292083
361040.29091194586	4065803.138479281
361040.29243456514	4065802.6789673124
361040.2848646224	4065802.2255307096
361040.2507211113	4065801.7600183035
361040.1860042833	4065801.2830048506
361040.1165455384	4065800.823844017
361040.0217839642	4065800.371973612
361039.8943382853	4065799.926897064
361039.75119967526	4065799.4685986224
361039.5969014596	4065799.0408459404
361039.41502428637	4065798.6304327636
361039.2055380051	4065798.2285573883
361038.9565332159	4065797.8463634993
361038.81413619977	4065797.478980601
361038.51849475736	4065797.2783050565
361038.219086267	4065796.9506598534
361037.900228976	4065796.6528016855
361037.588052979	4065796.402984764
361037.2718899472	4065796.192427134
361036.9490946714	4065796.0154134845
361036.6328834248	4065795.8691944256
361036.3206756492	4065795.7713099644
361036.01134829805	4065795.6779577094
361035.7010994309	4065795.608423564
361035.37359866104	4065795.5603626817
361034.9987378361	4065795.5221776464
361034.5981369665	4065795.506675137
361034.2131702965	4065795.513622383
361033.7760772832	4065795.532053691
361033.36460961355	4065795.582275852
361032.9365017039	4065795.6225221474
361032.5260739115	4065795.6513842912
361032.0898954515	4065795.659321671
361031.69723283144	4065795.6765437797
361031.2776095579	4065795.6947129834
361030.89361181314	4065795.7009519455
361030.4999818831	4065795.695971233
361030.11580388836	4065795.691116239
361029.73162589036	4065795.68626126
361029.3474478948	4065795.681406301
361028.9729020857	4065795.68777105
361028.5798789629	4065795.6828053175
361028.16864511283	4065795.6675476045
361027.75797457446	4065795.6628902433
361027.3647486397	4065795.669512217
361026.9716953912	4065795.6867624936
361026.57907303254	4065795.6933746967
361026.1949819569	4065795.699360868
361025.82000771194	4065795.7057079636
361025.42680619954	4065795.700745275
361025.0333214152	4065795.673091551
361024.65766123816	4065795.6688299836
361024.2469247782	4065795.652578278
361023.87196661	4065795.659681529
361023.4609980559	4065795.655262133
361023.05020975845	4065795.661936747
361022.62149858626	4065795.6464758418
361022.21023202373	4065795.642294264
361021.78188619233	4065795.6261347737
361021.3707308669	4065795.611333248
361021.0043737091	4065795.6386829624
361020.5841248102	4065795.624073905
361020.2273714413	4065795.652319025
361019.8897069593	4065795.6685615866
361019.5399278076	4065795.674586012
361019.2216631618	4065795.7006003447
361018.8705248005	4065795.707656838
361018.53099767794	4065795.7020768393
361018.1783209927	4065795.6841105786
361017.8605130807	4065795.668583792
361017.50960421865	4065795.640615172
361017.14313495107	4065795.612438224
361016.78574745933	4065795.607148506
361016.430242055	4065795.6030489295
361016.05499419966	4065795.5980494577
361015.6893694769	4065795.603711286
361015.30467875546	4065795.599144558
361014.9481644799	4065795.6157553005
361014.5631322707	4065795.622011806
361014.21555725246	4065795.6390358643
361013.85011279845	4065795.6557917623
361013.47453252744	4065795.6621739985
361013.10857539094	4065795.6792175313
361012.72457762266	4065795.68545731
361012.35880076146	4065795.7135948665
361011.9658728115	4065795.719979791
361011.5820553163	4065795.737313612
361011.2071680049	4065795.754502338
361010.83228069165	4065795.7716910806
361010.4656215293	4065795.777369942
361010.126976696	4065795.7942490526
361009.7874495576	4065795.7886694013
361009.4541162321	4065795.7825635453
361009.132269175	4065795.7655996988
361008.81953257223	4065795.7595847384
361008.5095323339	4065795.7539508943
361008.17760245875	4065795.7590038115
361007.8591312544	4065795.7641789964
361007.4823812712	4065795.7595452718
361007.09838349785	4065795.7657853025
361006.71456600627	4065795.7831193446
361006.3217231092	4065795.789248627
361005.9285298178	4065795.784795736
361005.5534622252	4065795.7908907183
361005.1861517139	4065795.7854549256
361004.8388674807	4065795.791406262
361004.49059042934	4065795.7970659314
361004.14231337706	4065795.802725616
361003.76724578405	4065795.808820677
361003.3565751877	4065795.8041644874
361002.9454888622	4065795.811077826
361002.52577036375	4065795.8178985487
361002.11449618527	4065795.8132522283
361001.68609050993	4065795.7980203205
361001.3102031488	4065795.8040824546
361000.95351767115	4065795.810158184
361000.5772769668	4065795.8048677123
361000.22999272955	4065795.8108192366
360999.8638553113	4065795.8167693424
360999.48860742373	4065795.8117705993
360999.10430406954	4065795.817783041
360998.69364102965	4065795.813592782
360998.25606216077	4065795.8207039656
360997.7916927498	4065795.828250553
360997.2843288064	4065795.825241693
360996.7824020061	4065795.8335559634
360996.2398225738	4065795.820051473
360995.6684986071	4065795.818254492
360995.0847661382	4065795.805660485
360994.77511648973	4065795.7994891596
360994.4625466374	4065795.793478019
360994.141037354	4065795.7876116796
360993.8105893832	4065795.7818901804
360993.47120339965	4065795.7763135573
360993.1370851707	4065795.781829029
360992.78880810406	4065795.7874891753
360992.4405310385	4065795.793149336
360992.0833237914	4065795.798954644
360991.72611654474	4065795.8047599667
360991.35495247494	4065795.799621802
360990.98473120446	4065795.805712066
360990.62237624073	4065795.8004270536
360990.24736471585	4065795.7954320367
360989.86329657846	4065795.7905802783
360989.49675357214	4065795.7854338316
360989.13043583714	4065795.7802904053
360988.7641180998	4065795.7751469947
360988.41175718966	4065795.7809470985
360988.05294295884	4065795.764261094
360987.70430527674	4065795.747733462
360987.3643309535	4065795.7310478333
360987.0475886095	4065795.725344541
360986.7202391429	4065795.7081863955
360986.407008665	4065795.69106143
360985.8377012805	4065795.689618948
360985.29490847944	4065795.676109932
360984.79416578636	4065795.673131224
360984.35493053566	4065795.6915242323
360983.9622679116	4065795.708748536
360983.60665801604	4065795.7255387153
360983.2927798639	4065795.7420780486
360982.9010442981	4065795.736497325
360982.54735536897	4065795.741593506
360982.4060917462	4065795.436468287
360982.17955784244	4065795.745750814
360981.7746490064	4065795.7667523334
360981.3673067898	4065795.772892761
360981.02433344396	4065795.767850441
360980.68329304253	4065795.761955577
360980.3454593298	4065795.767787453
360979.99718224956	4065795.7734481203
360979.6777743963	4065795.778259819
360979.3473576763	4065795.7836302207
360979.01486227626	4065795.789414183
360978.699569558	4065795.7941132234
360978.3986797451	4065795.7994293147
360978.095053571	4065795.804364324
360977.6483641719	4065795.800527716
360977.20185509144	4065795.8077851264
360976.8714383716	4065795.8131556236
360976.51423110603	4065795.8189615817
360976.14878666063	4065795.835719095
360975.7283751213	4065795.831734743
360975.2646321171	4065795.816881317
360974.7915591498	4065795.8024048614
360974.31807919807	4065795.799003882
360973.8685174761	4065795.795200923
360973.40526562644	4065795.791816099
360972.9506331158	4065795.7879116386
360972.52926368534	4065795.794743925
360972.10127876315	4065795.801914453
360971.699420582	4065795.808446381
360971.3339761362	4065795.8252040995
360970.9779386173	4065795.842026508
360970.61771604914	4065795.8478817246
360970.306672877	4065795.853278531
360969.991019494	4065795.835789907
360969.57403731206	4065795.8429933377
360969.1898591664	4065795.8381410786
360968.8322912341	4065795.8217593716
360968.4693226612	4065795.7937422288
360968.0491611358	4065795.7773221196
360967.60532264673	4065795.7525482764
360967.24778330646	4065795.724228299
360966.8917560302	4065795.7198599917
360966.4994721291	4065795.692299426
360966.10618345154	4065795.6764984713
360965.7039580896	4065795.661554459
360965.2926305351	4065795.657124722
360964.87261396594	4065795.664185051
360964.44396522245	4065795.671152804
360964.00638629583	4065795.678265741
360963.56916804233	4065795.707566685
360963.11408942594	4065795.7371579786
360962.684988201	4065795.7772267438
360962.2388397687	4065795.8066729177
360961.8105055004	4065795.8573699174
360961.38239777705	4065795.897619802
360960.9732452251	4065795.9381793463
360960.60802813654	4065795.9864889076
360960.21608005266	4065796.017022738
360959.85106963094	4065796.0665148143
360959.46779317566	4065796.117132958
360959.0838552675	4065796.178956337
360958.71836603316	4065796.25965479
360958.3087301056	4065796.312385803
360957.91706451646	4065796.396431164
360957.5340784001	4065796.4897480514
360957.1800110607	4065796.6149302684
360956.84696128604	4065796.7410606565
360956.5328016554	4065796.8775336724
360956.2404151726	4065797.0187082584
360955.9573545725	4065797.1897636107
360955.70876112435	4065797.3784275246
360955.4724098924	4065797.5686149755
360955.14271606	4065797.89206825
360954.8422773345	4065798.2141256644
360954.6630371101	4065798.4559245477
360954.44646355155	4065798.8119411734
360954.28764166596	4065799.1760246884
360954.20737450314	4065799.5479749152
360954.107625202	4065799.9390202495
360954.06112857535	4065800.2354054158
360953.9542340604	4065800.649007649
360953.8996271814	4065801.113941246
360953.88542748673	4065801.4174479153
360953.8390920399	4065801.767877951
360953.828371478	4065802.0946628638
360953.8161019536	4065802.4388670027
360953.80381333706	4065802.783605989
360953.79210395983	4065803.160557255
360953.7802105066	4065803.5264772517
360953.7502103409	4065803.9117784393
360953.72572886077	4065804.271408315
360953.6916244189	4065804.670900637
360953.6624088047	4065805.070445274
360953.6565320845	4065805.469743646
360953.6390691012	4065805.866644029
360953.65143703617	4065806.2474090722
360953.651924581	4065806.624604846
360953.6667406314	4065806.9865222983
360953.65488212847	4065807.3574257046
360953.6517231509	4065807.712578667
360953.6485450819	4065808.068266474
360953.6456569517	4065808.4259369685
360953.62458160677	4065808.78894976
360953.6120973077	4065809.1230668817
360953.6000272636	4065809.477830168
360953.5966879446	4065809.8218891365
360953.5842190159	4065810.155534134
360953.59008071094	4065810.5019654655
360953.5956715627	4065810.8458792614
360953.61037293205	4065811.200741877
360953.62452473043	4065811.5359415156
360953.639262568	4065811.8913380783
360953.65334256797	4065812.2117749327
360953.65646088624	4065812.5333555695
360953.68130250194	4065812.8327482184
360953.71419524227	4065813.2558981855
360953.73016569566	4065813.6506331204
360953.7442550601	4065813.9807352964
360953.7414227848	4065814.316847467
360953.7384441743	4065814.6830944247
360953.74457607814	4065815.0602902025
360953.7385388741	4065815.3710671915
