360951.65856240166	4065816.2103482443
360951.4818982136	4065815.896052441
360951.4752251643	4065815.485574681
360951.46441694925	4065815.1838021907
360951.4452459323	4065814.7215816104
360951.4382474569	4065814.3099017213
360951.4497997393	4065813.899514521
360951.4611630757	4065813.52164748
360951.46462907246	4065813.1536500705
360951.4680218976	4065812.844623527
360951.47230656387	4065812.519584661
360951.4747003726	4065812.156505581
360951.4867894252	4065811.80120744
360951.49143480003	4065811.4983565584
360951.4845377418	4065811.113234669
360951.49729461817	4065810.7672800682
360951.50038321555	4065810.41328894
360951.4943751201	4065810.0699637574
360951.49040736904	4065809.692767982
360951.48193081043	4065809.304478213
360951.48436829617	4065808.9049492734
360951.477334558	4065808.472283532
360951.47955641797	4065808.0406747363
360951.4816684803	4065807.6399436765
360951.50220313366	4065807.2284417762
360951.4866492933	4065806.828579742
360951.4906041279	4065806.408074884
360951.48393109965	4065805.9965302404
360951.4770777199	4065805.5649313885
360951.4786134577	4065805.254154399
360951.4762688809	4065804.9452840043
360951.47744391556	4065804.632745596
360951.47239405895	4065804.322113783
360951.47870944557	4065803.9891488072
360951.47068346577	4065803.667423002
360951.47456378455	4065803.356646013
360951.4781978953	4065803.014493637
360951.4728531945	4065802.701955232
360951.46799221035	4065802.388798416
360951.4714374557	4065802.0491710408
360951.45716257923	4065801.7367778146
360951.4521127267	4065801.4261460016
360951.4470628746	4065801.11551419
360951.4330913637	4065800.7914085584
360951.42731158686	4065800.4500197694
360951.43072225584	4065800.0979191856
360951.4437366525	4065799.7557637207
360951.446330981	4065799.4096560758
360951.4680025835	4065799.0573191848
360951.5081395687	4065798.7032478633
360951.5314680494	4065798.3299783217
360951.63138013665	4065797.9738091365
360951.7049332354	4065797.6362969307
360951.77411447297	4065797.2791524464
360951.88479629025	4065796.938724737
360952.1279124381	4065796.630300801
360952.33459228615	4065796.3513957616
360952.5350083935	4065796.0937894345
360952.7891259971	4065795.8375281487
360953.0408190044	4065795.5843543257
360953.273884443	4065795.339983081
360953.5112120547	4065795.103089545
360953.7845392978	4065794.885195884
360954.05310606124	4065794.6785508897
360954.3231486551	4065794.4991445877
360954.61823838943	4065794.331791631
360954.9230084958	4065794.198814952
360955.2463743021	4065794.07489074
360955.53477350244	4065793.9828576758
360955.8788789315	4065793.895708236
360956.1796066283	4065793.824626614
360956.49342108803	4065793.762010608
360956.79632597667	4065793.7126988615
360957.23416636017	4065793.660057425
360957.6669000838	4065793.641379984
360958.0553826454	4065793.6245139106
360958.4704363463	4065793.617220841
360958.8455040961	4065793.6111237966
360959.21555223817	4065793.6168316016
360959.6114109392	4065793.632689849
360959.9533879916	4065793.6264050733
360960.3247458566	4065793.620994712
360960.64994237665	4065793.6150821233
360961.0071497542	4065793.609275506
360961.3580805783	4065793.6042966247
360961.7485353977	4065793.6083208127
360962.1546766549	4065793.6022647964
360962.54350214615	4065793.606495202
360962.9319847064	4065793.589629349
360963.25125806365	4065793.606467063
360963.6508450055	4065793.588494978
360964.0571879367	4065793.5713388515
360964.3740096056	4065793.565642852
360964.6894827502	4065793.5720372777
360964.99019232555	4065793.5556267123
360965.2915595869	4065793.5400107964
360965.6354369505	4065793.556614901
360965.96376275254	4065793.5508982
360966.3223236024	4065793.567571465
360966.6707811221	4065793.5730042364
360967.0368082784	4065793.589219809
360967.38456371304	4065793.5832878263
360967.74195141386	4065793.5885754824
360968.1082692975	4065793.593717995
360968.47458717896	4065793.5988605237
360968.8496549149	4065793.5927639185
360969.2247226518	4065793.586667329
360969.6004924675	4065793.5919355387
360969.9750384515	4065793.5855681924
360970.3771703851	4065793.59038318
360970.76134862966	4065793.595235496
360971.15488548967	4065793.5999604613
360971.54729183955	4065793.593302875
360971.93128975626	4065793.5870612497
360972.3242178562	4065793.5806744886
360972.7173262808	4065793.585381738
360973.11025438027	4065793.578995012
360973.49443261966	4065793.5838474515
360973.8880627927	4065793.5888255453
360974.2536785849	4065793.582603537
360974.6291069583	4065793.59869517
360974.9863143183	4065793.592889136
360975.35263218364	4065793.598031958
360975.6999265475	4065793.592694892
360976.0493668541	4065793.5978042576
360976.39764403016	4065793.592143432
360976.73681070015	4065793.5755337747
360977.0651488291	4065793.570576819
360977.4050723927	4065793.5650130133
360977.7461018069	4065793.570226008
360978.076518613	4065793.564855546
360978.40561362944	4065793.5709444643
360978.7377128566	4065793.5763026457
360979.06812966045	4065793.5709322216
360979.3879338619	4065793.5549783395
360979.6999137262	4065793.549946402
360980.03240920766	4065793.54416247
360980.3538958286	4065793.538937241
360980.67520213505	4065793.5226180335
360980.9877585711	4065793.5175379734
360981.3092451906	4065793.5123127806
360981.6307318112	4065793.5070875995
360981.9742982213	4065793.514103508
360982.43444836244	4065793.4940247014
360982.7648651646	4065793.4886544207
360983.1040318417	4065793.4720450165
360983.45248932426	4065793.4774784716
360983.8007664934	4065793.4718179465
360984.158154159	4065793.4771062876
360984.5334021881	4065793.482104363
360984.88051623903	4065793.4656736767
360985.2569273856	4065793.481441989
360985.62306492217	4065793.4754912592
360986.00823594484	4065793.4806359354
360986.34456739994	4065793.4649856337
360986.7482680804	4065793.4572037477
360987.11440561566	4065793.451253081
360987.47063015733	4065793.445771355
360987.8369479945	4065793.450914711
360988.19513815705	4065793.444785442
360988.5435956271	4065793.4502191045
360988.8831229131	4065793.4557979153
360989.2152331973	4065793.461838244
360989.52872806235	4065793.478975889
360989.95928850205	4065793.5053695175
360990.35339841107	4065793.5212240433
360990.7154332792	4065793.525891131
360991.0819314077	4065793.542128619
360991.4391387512	4065793.5363232717
360991.81438675895	4065793.5413216664
360992.2037852526	4065793.5467164153
360992.5693674383	4065793.540694696
360992.9754909163	4065793.533548433
360993.3775294729	4065793.5381115004
360993.77938772953	4065793.531580594
360994.19445912977	4065793.5253809695
360994.5956764556	4065793.5298916204
360994.98514279607	4065793.52308198
360995.3870010509	4065793.516551148
360995.8105419955	4065793.5323419836
360996.2089385154	4065793.525387269
360996.62883743097	4065793.5296602338
360997.0485560503	4065793.522839224
360997.45952477853	4065793.527257353
360997.8883538741	4065793.531385252
360998.34052623255	4065793.5479129218
360998.7995931562	4065793.5387703544
360999.14787030785	4065793.5331104556
360999.52293800574	4065793.5270151948
360999.8890755225	4065793.521065076
361000.2641432217	4065793.514969847
361000.6393912084	4065793.5199686284
361001.0144589075	4065793.513873433
361001.3805964221	4065793.5079233777
361001.73949722474	4065793.5135288234
361002.1577026534	4065793.506391694
361002.50597980566	4065793.500731932
361002.854256949	4065793.4950721827
361003.1669936466	4065793.5010869247
361003.5150905093	4065793.484333212
361003.8367573922	4065793.490202858
361004.14931380574	4065793.485123645
361004.4620504992	4065793.4911384364
361004.82082276145	4065793.5099640847
361005.15021545155	4065793.513246207
361005.4826945903	4065793.520160917
361005.85606048384	4065793.5239698067
361006.22759857663	4065793.5296554314
361006.63316669594	4065793.52243853
361006.9367929217	4065793.517504536
361007.2850700618	4065793.5118449684
361007.6599574743	4065793.4946560725
361008.0065522291	4065793.478267912
361008.3474012958	4065793.4723881325
361008.66311640973	4065793.4594843914
361009.02815756685	4065793.473643468
361009.36718736886	4065793.491569418
361009.762553063	4065793.494259842
361010.091201563	4065793.4998770547
361010.4381457914	4065793.5049952357
361010.8400040253	4065793.4984651306
361011.2693166143	4065793.491702867
361011.7341399764	4065793.473021122
361012.250792666	4065793.464443363
361012.67944145005	4065793.4574780082
361013.0991600517	4065793.4506577873
361013.5010182863	4065793.444127808
361013.8946483621	4065793.449107742
361014.2615790168	4065793.466168312
361014.58380469144	4065793.4712618524
361014.90377808997	4065793.4657215495
361015.31905119854	4065793.448422752
361015.67151699745	4065793.4431603127
361016.0276083996	4065793.4483108753
361016.40404881904	4065793.4413433704
361016.70907541463	4065793.4372376488
361017.07399280294	4065793.4415543326
361017.4884232142	4065793.4463973544
361017.7887679636	4065793.4521338088
361018.12087817903	4065793.458175259
361018.44085157535	4065793.4526350885
361018.7893089697	4065793.4580699815
361019.1476893605	4065793.463651465
361019.5025605166	4065793.4356914074
361019.83893589955	4065793.432910335
361020.24574131763	4065793.4236156903
361020.6201576741	4065793.406406476
361020.95763953	4065793.3787575727
361021.3053973652	4065793.373140162
361021.66392652504	4065793.3558767163
361021.9941630294	4065793.339413959
361022.34244016017	4065793.333755005
361022.6637464832	4065793.3174373745
361022.98505280685	4065793.301119758
361023.28867902234	4065793.296186344
361023.6012354213	4065793.2911078422
361023.91171314125	4065793.2864428866
361024.2263482211	4065793.280950872
361024.6639271778	4065793.2738410197
361025.1131726799	4065793.2669671993
361025.4140625341	4065793.2616527537
361025.7461727388	4065793.2676945003
361026.05495701823	4065793.251619256
361026.3965628974	4065793.25678602
361026.74653346674	4065793.262537613
361027.06650685926	4065793.256997765
361027.40603405715	4065793.2625781046
361027.7453810025	4065793.257064467
361028.0778887819	4065793.2520417213
361028.38835415995	4065793.246617609
361028.72104219074	4065793.252688882
361029.0225773852	4065793.247409887
361029.33241124783	4065793.242801397
361029.66365210596	4065793.2484706496
361030.0052579819	4065793.253637561
361030.33718792803	4065793.2485854942
361030.65734156634	4065793.254139772
361030.98793857306	4065793.2598653464
361031.3393011464	4065793.266604464
361031.65788251755	4065793.2600774504
361032.01696350373	4065793.276778158
361032.3740109275	4065793.293137811
361032.7315787241	4065793.309522174
361033.0884952107	4065793.314791669
361033.43742363283	4065793.3202480464
361033.78588099626	4065793.325683549
361034.152520764	4065793.353818075
361034.48367657827	4065793.358767276
361034.82320375316	4065793.364347909
361035.1716611109	4065793.369783469
361035.4990625627	4065793.364464215
361035.85777196917	4065793.3582953573
361036.18668660714	4065793.353292507
361036.5646096736	4065793.369313171
361036.92152614857	4065793.374582826
361037.2783919281	4065793.3796025915
361037.6534595863	4065793.373509004
361038.03763766517	4065793.3783643395
361038.42233749694	4065793.3834904865
361038.79688339785	4065793.377126154
361039.1522482653	4065793.3725734386
361039.54650602874	4065793.3652267284
361039.93171853735	4065793.3700653417
361040.2885843108	4065793.3750852332
361040.6448087843	4065793.369605723
361041.01328235614	4065793.3858132497
361041.3221233855	4065793.380913511
361041.6817207584	4065793.386022054
361042.0597238747	4065793.4141131626
361042.39836176665	4065793.4187956546
361042.7468191009	4065793.424231521
361043.0764232577	4065793.429665877
361043.42587340623	4065793.4353934564
361043.74636714574	4065793.4298789273
361044.06785370124	4065793.4246560936
361044.38934025617	4065793.419433273
361044.7135631699	4065793.4145915774
361045.02547420136	4065793.409478533
361045.32928062166	4065793.4156398955
361045.6421974531	4065793.432750182
361045.95266280184	4065793.4273267062
361046.27264724363	4065793.4224693207
361046.6226066809	4065793.4275399814
361046.96364700916	4065793.433437475
361047.27243128297	4065793.4173629973
361047.62296728976	4065793.4223855333
361047.97142461274	4065793.4278216143
361048.3124649403	4065793.4337191624
361048.6545179996	4065793.440421369
361049.1146681265	4065793.4203461516
361049.42740471713	4065793.426362585
361049.74032153154	4065793.4434730206
361050.0733699528	4065793.4717331054
361050.54915834684	4065793.498417876
361051.00676222966	4065793.546647826
361051.4426759979	4065793.593794373
361051.8883499136	4065793.6679793983
361052.2912716213	4065793.76635188
361052.6592112658	4065793.871343935
361053.0119603111	4065794.007468709
361053.2873748693	4065794.1500255414
361053.58144425513	4065794.320890576
361053.8321751261	4065794.4928203598
361054.12030275183	4065794.737576908
361054.31086114014	4065794.9820092227
361054.5375681357	4065795.1897330564
361054.77221341897	4065795.5282096285
361054.96749564196	4065795.862041038
361055.14991920383	4065796.185710553
361055.29730749776	4065796.4607392694
361055.41790525004	4065796.7362031927
361055.5670956962	4065797.1221718243
361055.5154460808	4065797.4222472836
361055.5363701226	4065797.7978863623
361055.74450026156	4065798.1079378547
361055.62060693203	4065798.397067869
361055.8007889966	4065798.698400842
361055.6660593437	4065798.995563144
361055.8261144778	4065799.2828854946
361055.84307816764	4065799.6520489124
361055.84812423796	4065799.962680674
361055.8431588337	4065800.2956454866
361055.8496466398	4065800.606277248
361055.8537979236	4065800.9492981564
361055.86100030167	4065801.3051987155
361055.8572964171	4065801.6270695375
361055.85364569566	4065801.983972795
361055.868825734	4065802.3588920813
361055.87603897625	4065802.7808446586
361055.87413726625	4065803.2136553978
361055.86294038704	4065803.6462302995
361055.8608630269	4065804.046139964
361055.8663741102	4065804.411666929
361055.86364696553	4065804.7673944845
361055.8686930437	4065805.078026248
361055.86440440785	4065805.4030649546
361055.8874524173	4065805.7474495647
361055.87503721786	4065806.05761046
361055.8808041664	4065806.412618191
361055.88751631224	4065806.7866460234
361055.90257042623	4065807.195244951
361055.8898957153	4065807.52216242
361055.88551218034	4065807.869093211
361055.90201437956	4065808.2290100046
361055.90553599066	4065808.5951117277
361055.76412151114	4065808.8813251164
361055.7744934139	4065809.208409009
361055.9482857297	4065809.477286804
361055.95457594073	4065809.8150156112
361055.9688369796	4065810.1693035266
361055.9735982722	4065810.569261979
361055.9822837237	4065810.9896315327
361055.98016679485	4065811.3903624294
361055.9693699689	4065811.844304093
361055.96563108696	4065812.145189066
361055.9528168498	4065812.4561109687
361055.94929321134	4065812.789075786
361055.9458782959	4065813.141176198
361055.9517167504	4065813.4881423316
361055.9484820531	4065813.851336736
361055.9546248205	4065814.2280603293
361055.9607522162	4065814.605256047
361055.9672961708	4065814.9970702757
361055.9703598691	4065815.3853599867
361055.97080102446	4065815.762700774
361055.9489134015	4065816.1628567865
361055.9009202356	4065816.5201139827
361055.8668553703	4065816.8749173735
361055.7786893015	4065817.2170650475
361055.61306916614	4065817.5482817153
361055.47209941753	4065817.8573119054
361055.2856206098	4065818.183169732
361055.09899887	4065818.4574556337
361054.85838843446	4065818.7318771393
361054.6094048584	4065818.9943574825
361054.3623150642	4065819.2435151436
361054.0886336836	4065819.48972601
361053.82433345844	4065819.7159579163
361053.53171488154	4065819.93947948
361053.2203714623	4065820.1401621434
361052.9073168203	4065820.324739158
361052.56282543467	4065820.489692732
361052.2032635878	4065820.645652767
361051.85969122424	4065820.783418999
361051.51330416906	4065820.892049964
361051.15656220174	4065820.991550009
361050.828127425	4065821.072349125
361050.47110311355	4065821.1358484817
361050.10271604353	4065821.188905325
361049.7366503153	4065821.2281714855
361049.36143160635	4065821.256740165
361048.97691321897	4065821.2627075533
361048.59343846096	4065821.26921655
361048.19130797376	4065821.2643979224
361047.8074047811	4065821.270889164
361047.41447805427	4065821.2772724936
361047.02155132714	4065821.2836558414
361046.64630467625	4065821.2786550624
361046.2799881769	4065821.273509223
361045.9237649389	4065821.2789885304
361045.5576286688	4065821.2849367135
361045.1906897506	4065821.3023026856
361044.8424137873	4065821.307960743
361044.494137822	4065821.3136188146
361044.15479201043	4065821.31913182
361043.8241961187	4065821.3134057694
361043.49360022496	4065821.307679729
361043.1434505416	4065821.290833492
361042.81285464554	4065821.285107479
361042.4906110684	4065821.2792069875
361042.1516628498	4065821.273655492
361041.8518098801	4065821.2895851005
361041.521394218	4065821.2949531297
361041.17978941835	4065821.2897857972
361040.83817227953	4065821.2838591523
361040.5098476987	4065821.2895730096
361040.15987824154	4065821.283820887
361039.81160227116	4065821.2894791486
361039.47376970184	4065821.295308719
361039.1165635785	4065821.301112094
361038.7682876052	4065821.306770398
361038.41206435853	4065821.3122500186
361038.044764963	4065821.307428314
361037.6600663223	4065821.3023022194
361037.285341461	4065821.2975726454
361036.883484568	4065821.304101546
361036.49930773856	4065821.2992462995
361036.1151309076	4065821.2943910677
361035.7125719557	4065821.2895552353
361035.32909718103	4065821.296064828
361034.9540307442	4065821.3021585527
361034.57878406293	4065821.2971583023
361034.1939051681	4065821.280938372
361033.8360477275	4065821.275627086
361033.47020225535	4065821.2705026814
361033.1123448156	4065821.2651914265
361032.76506171207	4065821.27114166
361032.4167857304	4065821.276800223
361032.0595795974	4065821.282603892
361031.70237346296	4065821.288407576
361031.3542777315	4065821.305160173
361030.98743938166	4065821.299744195
361030.6587086453	4065821.316153644
361030.3015025118	4065821.3219573875
361029.92527294334	4065821.317281127
361029.55913665524	4065821.3232299946
361029.2106804197	4065821.3177946955
361028.8443638772	4065821.3126496016
361028.47804733476	4065821.3075045245
361028.1119110435	4065821.313453454
361027.7556877827	4065821.3189335177
361027.379458207	4065821.314257368
361027.00457201636	4065821.331445435
361026.64805887383	4065821.348055718
361026.2731726859	4065821.3652438163
361025.89759350085	4065821.371625543
361025.52270731423	4065821.388813675
361025.15539788926	4065821.3833770556
361024.7991846271	4065821.3894727114
361024.42341610993	4065821.3842021124
361024.0667317847	4065821.3902769103
361023.7196189328	4065821.4067060333
361023.34356961213	4065821.413124054
361022.99529362685	4065821.418783001
361022.63826774806	4065821.4356810576
361022.2989219158	4065821.44119493
361021.9685062371	4065821.4465637146
361021.6380905581	4065821.4519325127
361021.29856446275	4065821.446352433
361020.95010821306	4065821.4409174714
361020.60047882097	4065821.424096848
361020.26194559876	4065821.4188084924
361019.9134893457	4065821.413373573
361019.54599964264	4065821.396843202
361019.19871652743	4065821.4027939863
361018.8236500763	4065821.4088884196
361018.4573335102	4065821.4037437695
361018.10012736474	4065821.4095480214
361017.71542867785	4065821.4044228243
361017.3498141911	4065821.4106430085
361016.9747477367	4065821.416737523
361016.5907511288	4065821.4229771616
361016.2069347894	4065821.4403108093
361015.81400802877	4065821.4466955913
361015.43894157466	4065821.4527901732
361015.0549449656	4065821.4590298804
361014.6707680857	4065821.454175613
361014.2777479439	4065821.4603074626
361013.9295653295	4065821.4662197824
361013.5723591805	4065821.472024223
361013.2064031511	4065821.4890677836
361012.8482041278	4065821.494580575
361012.5098511616	4065821.5003865184
361012.1771641163	4065821.4943159055
361011.8488395119	4065821.500030865
361011.5184238227	4065821.505400053
361011.17889770516	4065821.499820376
361010.83044143266	4065821.4943858264
361010.5104580663	4065821.4992445647
361010.18079922773	4065821.51565963
361009.8596742465	4065821.543071752
361009.5292228175	4065821.581771164
361009.2305882005	4065821.639125992
361008.89834395604	4065821.701982262
361008.45789640216	4065821.8378834957
361008.1565289679	4065821.9396696785
361007.8459566823	4065822.066782695
361007.57413217344	4065822.206655969
361007.28448082844	4065822.3601882216
361006.9924900026	4065822.5313870036
361006.7135171717	4065822.7109367517
361006.4143436891	4065822.9091941696
361006.1604661082	4065823.1060871086
361005.92511673697	4065823.3262908137
361005.700793977	4065823.5709936176
361005.46896800166	4065823.845918416
361005.2703841771	4065824.1344670746
361005.091340649	4065824.442749631
361005.0079516701	4065824.7511514053
361004.8235828956	4065825.0542309443
361004.76078463724	4065825.3638843526
361004.73594318953	4065825.783395461
361004.7603681178	4065826.2058890285
361004.7855457018	4065826.6370524224
361004.7745713714	4065827.0799002293
361004.73349323554	4065827.406826535
361004.6952354509	4065827.731998044
361004.6466561891	4065828.0946937953
361004.6081340339	4065828.460142101
361004.5692535292	4065828.828348528
361004.5457071135	4065829.2077215947
361004.52639498113	4065829.586185033
361004.50917215203	4065829.9777693865
361004.50659557135	4065830.359054609
361004.5096604197	4065830.736250367
361004.5190352508	4065831.124540116
361004.5337930914	4065831.4940271117
361004.5281737211	4065831.8900256255
361004.54653477337	4065832.267076261
361004.5615946154	4065832.644126899
361004.56772431446	4065833.0213226564
361004.565104157	4065833.409757531
361004.5624840022	4065833.7981924033
361004.5683117033	4065834.167824522
361004.56269233656	4065834.5711177993
361004.5543996757	4065834.959552675
361004.5487146739	4065835.359226661
361004.54077009455	4065835.769849521
361004.53508509486	4065836.1622287445
361004.5328357663	4065836.5728516052
361004.53953966545	4065836.9833293436
361004.54602994496	4065837.375423519
361004.5645152173	4065837.7708577234
361004.57082521217	4065838.1591474777
361004.58578947186	4065838.5401476608
361004.5921950531	4065838.9244878725
361004.5983247634	4065839.301683634
361004.59516376856	4065839.656836531
361004.57407106017	4065840.020321249
361004.56178055087	4065840.36506012
361004.5407783882	4065840.7199684144
361004.5372377315	4065841.0534681715
361004.52496632456	4065841.397672199
361004.51196908904	4065841.7392926533
361004.49967836816	4065842.0423152144
361004.47730016493	4065842.362488082
361004.43638141576	4065842.67168942
361004.37637704035	4065842.9724554163
361004.2513139786	4065843.3952528797
361004.11528276943	4065843.8191465605
361004.01701964915	4065844.241789691
361003.894037287	4065844.5310352733
361003.6912406787	4065844.8144267933
361003.4577865487	4065845.1955961543
361003.2825297204	4065845.5457310984
361002.9801729183	4065845.760865056
361002.67610253196	4065846.0588322775
361002.4515488195	4065846.314588258
361002.1027511558	4065846.491426202
361001.71876832773	4065846.755402145
361001.44463872403	4065846.9263109025
361001.13078518346	4065847.0822856915
361000.8051243331	4065847.226955836
361000.4854426662	4065847.3431202862
361000.13607067376	4065847.4522166057
360999.7962727016	4065847.546999621
360999.47109988885	4065847.628914249
360999.13301712275	4065847.7120870254
360998.7720338936	4065847.7788285
360998.47482061485	4065847.846907748
360998.1215770001	4065847.878174777
360997.7915229039	4065847.9057325115
360997.46089223336	4065847.933338429
360997.01614722394	4065847.973772421
360996.7099805566	4065847.9902706402
360996.27258465404	4065848.008475997
360995.84666123963	4065848.014972431
360995.5401339787	4065848.009282704
360995.2273992511	4065848.0032682954
360994.92359464994	4065847.997108768
360994.5998386491	4065847.9908937365
360994.28710391704	4065847.9848793633
360993.9652587589	4065847.967916141
360993.64341360086	4065847.9509529313
360993.19006828597	4065847.958700498
360992.86840342433	4065847.9528313098
360992.52736500016	4065847.9469360323
360992.055761893	4065847.9660385116
360991.72534720565	4065847.971408494
360991.4150518786	4065847.9871686636
360991.07380856306	4065848.00419135
360990.7435741782	4065848.020655365
360990.4222699212	4065848.0369742573
360990.1007853611	4065848.042199167
360989.7882309256	4065848.047278951
360989.4754961871	4065848.041264754
360989.1600249555	4065848.034869469
360988.85622034175	4065848.0287101585
360988.4086280118	4065848.013736253
360987.9452715281	4065847.999173614
360987.64146690955	4065847.993014345
360987.319621726	4065847.9760513725
360986.9985346874	4065847.9702118128
360986.53340994596	4065847.9666356933
360986.2119253784	4065847.9718607496
360985.90164239256	4065847.9883804475
360985.5712276974	4065847.993750668
360985.23188287683	4065847.999266044
360984.88191430777	4065847.9935162114
360984.53345904767	4065847.988082763
360984.2057209023	4065848.004539606
360983.83842245577	4065847.999720265
360983.48996719334	4065847.994286861
360983.1327621152	4065848.0000926065
360982.7654536608	4065847.9946578373
360982.4080682698	4065847.98936962
360982.05086318974	4065847.99517541
360981.70340085553	4065847.9900337565
360981.3640560291	4065847.9955492844
360981.0156007598	4065847.990115979
360980.67625593225	4065847.9956315346
360980.36578028783	4065848.000298112
360980.04429571517	4065848.0055234
360979.7118022137	4065848.0113074
360979.4110808737	4065848.0268665836
360979.0958037676	4065848.0324165868
360978.77431919315	4065848.0376419215
360978.46176474704	4065848.0427221204
360978.1311697262	4065848.036998636
360977.80968515156	4065848.042224007
360977.48820057727	4065848.047449391
360977.18457625754	4065848.052384487
360976.8809519385	4065848.0573195945
360976.44319538726	4065848.0533379805
360976.1277241258	4065848.046943175
360975.8156347012	4065848.0409647985
360975.37121948827	4065848.0485681584
360975.0584847134	4065848.042554487
360974.75468006614	4065848.036395675
360974.4421256161	4065848.0414760206
360974.1295711639	4065848.046556378
360973.81701671245	4065848.051636747
360973.50446226227	4065848.056717127
360973.0290743756	4065848.0640645213
360972.7075897974	4065848.0692900843
360972.403320127	4065848.074190031
360972.102432293	4065848.0795064014
360971.7613938235	4065848.07361195
360971.4591024764	4065848.0677696243
360971.11806400365	4065848.061875198
360970.79791240266	4065848.056323209
360970.44776346855	4065848.03947997
360970.1097516107	4065848.0342183197
360969.7508528804	4065848.028614264
360969.3850577026	4065848.0234964387
360969.01939354476	4065848.0294688176
360968.6728037081	4065848.0461709993
360968.29675543186	4065848.052591477
360967.9216900834	4065848.058688177
360967.54680506734	4065848.0758788846
360967.16280959174	4065848.0821207776
360966.7788141162	4065848.0883626887
360966.39481863927	4065848.0946046156
360966.0108231631	4065848.100846561
360965.60015486716	4065848.096192256
360965.2246112817	4065848.0914328415
360964.84025512886	4065848.075486851
360964.45490603824	4065848.0592492
360964.09869387466	4065848.0653474177
360963.7224552502	4065848.0600586315
360963.3751732113	4065848.066011716
360963.0179681107	4065848.0718183015
360962.6696931388	4065848.0774797364
360962.3215985082	4065848.0942351795
360961.9822536633	4065848.099751478
360961.63210469874	4065848.0829086015
360961.30302294827	4065848.077502134
360960.96349775844	4065848.0719244783
360960.6330830395	4065848.077295663
360960.2920445396	4065848.0714016673
360959.96314312774	4065848.0770892426
360959.6327284082	4065848.0824604663
360959.29111207306	4065848.076537107
360958.9718989681	4065848.0932029514
360958.64130390197	4065848.0874802195
360958.3017787071	4065848.08190267
360957.953143036	4065848.06537631
360957.59249143983	4065848.036597438
360957.2355880738	4065847.998141871
360956.8842417025	4065847.946597117
360956.5249828225	4065847.872544058
360956.1942773284	4065847.8135534083
360955.84394856327	4065847.739355205
360955.55405626533	4065847.6567874886
360955.2237162242	4065847.51773853
360954.92687734705	4065847.384944662
360954.6436410896	4065847.2320341812
360954.3528579614	4065847.0347141386
360954.0794692208	4065846.837616502
360953.81597357505	4065846.611231876
360953.5890737989	4065846.361863628
360953.3704813262	4065846.0774168377
360953.16787106846	4065845.7658456005
360953.0018985039	4065845.4467329322
360952.83021181787	4065845.1064477707
360952.66405887564	4065844.7762411134
360952.512713758	4065844.43932672
360952.3627807339	4065844.094379669
360952.22957520606	4065843.7459476544
360952.17073813797	4065843.3858088953
360952.0003821443	4065843.018950674
360951.91071738396	4065842.651353877
360951.8331442872	4065842.2753194943
360951.7802212604	4065841.8952891766
360951.747298826	4065841.518528911
360951.7312788965	4065841.1264073215
360951.7077689947	4065840.768159508
360951.69291788636	4065840.4026742605
360951.69850528456	4065840.036572462
360951.6810424883	4065839.6846236438
360951.6754515194	4065839.340709832
360951.68761186785	4065838.9773700954
360951.69087964157	4065838.6413526903
360951.69448965724	4065838.2998112696
360951.6889885553	4065837.9755678806
360951.69250808173	4065837.642602888
360951.68980277615	4065837.3097830727
360951.6906169988	4065836.97681808
360951.68520638894	4065836.6439982643
360951.6825010842	4065836.319892581
360951.6568941106	4065835.9872179436
360951.6509339272	4065835.6347351796
360951.63674557407	4065835.2990015605
360951.6335271644	4065834.9441389334
360951.60752301157	4065834.6003703023
360951.60448495555	4065834.2595154746
360951.596188689	4065833.9156016666
360951.59077808086	4065833.5827818536
360951.5880727769	4065833.2306812825
360951.58870665653	4065832.905903055
360951.5832680942	4065832.5589302685
360951.57716402947	4065832.195887454
360951.57427837304	4065831.832692891
360951.5746229452	4065831.4776850906
360951.56878023717	4065831.130718875
360951.5720104691	4065830.7675243095
360951.56623915874	4065830.412516511
360951.56027212914	4065830.0468868418
360951.5544447893	4065829.6994485054
360951.5484931268	4065829.333346712
360951.53379166964	4065828.9784840876
360951.51927056693	4065828.6347154593
360951.5047494626	4065828.290946831
360951.5020441617	4065827.95812702
360951.49374790624	4065827.614213215
360951.5062880951	4065827.272526614
360951.5185383482	4065826.9288573046
360951.5404827888	4065826.586556676
360951.58052695054	4065826.233543106
360951.6143726176	4065825.8790756958
360951.6943359095	4065825.4949515355
360951.779079527	4065825.1202879795
360951.8711792049	4065824.7414952586
360951.9927996819	4065824.375039799
360952.15648789634	4065823.993925885
360952.30983908876	4065823.6399206324
360952.3989826808	4065823.277492129
360952.6905539064	4065822.941478469
360952.8135134918	4065822.612460619
360953.0530226338	4065822.297909086
360953.3054606374	4065822.0070059462
360953.71219994716	4065821.7096275357
360953.9775223913	4065821.4458008106
360954.27699098655	4065821.1886201827
360954.6053741193	4065820.958188822
360954.9148636571	4065820.7645098893
360955.2801808248	4065820.600297318
360955.63466500374	4065820.4584971024
360955.97202713357	4065820.3309466555
360956.33644421544	4065820.2226713086
360956.7024343744	4065820.1466390747
360957.0498087626	4065820.085507463
360957.40733365586	4065820.04549181
360957.7759662002	4065820.0395324253
360958.1237219461	4065820.033846134
360958.4531448797	4065820.028183209
360958.8016013433	4065820.033615628
360959.1232673341	4065820.0394835654
360959.4561349051	4065820.056646111
360959.777981236	4065820.0736080664
360960.08196725143	4065820.090860367
360960.38714364584	4065820.0970968255
360960.83401216473	4065820.112026487
360961.25044807396	4065820.115873768
360961.66141562257	4065820.1202901416
360962.02755204844	4065820.114338368
360962.38356602285	4065820.1204987653
360962.74618415674	4065820.1152565586
360963.0483707842	4065820.1088624746
360963.37878657464	4065820.1034914143
360963.6976716878	4065820.098286665
360964.1210311896	4065820.1029819064
360964.4931577764	4065820.0967319557
360964.8767578932	4065820.0793531444
360965.30509988725	4065820.0721574267
360965.71601228486	4065820.05461396
360966.0991907619	4065820.048431695
360966.4938035932	4065820.053142694
360966.8338502524	4065820.05874529
360967.14507282083	4065820.064442321
360967.4690102012	4065820.0817503384
360967.8995694336	4065820.1081428207
360968.3285776096	4065820.1233631917
360968.7362636724	4065820.1384499883
360969.14723120036	4065820.1428667214
360969.54926856933	4065820.1474286336
360969.9732689542	4065820.1410826417
360970.338672143	4065820.124126528
360970.73679904704	4065820.1170288175
360971.134189291	4065820.1222123457
360971.49604267307	4065820.115784593
360971.87128956907	4065820.1207820787
360972.2608673221	4065820.137269882
360972.6130335266	4065820.142016246
360973.01154143177	4065820.158358929
360973.4083584136	4065820.1623795587
360973.8282560868	4065820.1666513667
360974.2749442241	4065820.170487735
360974.5785695376	4065820.165552565
360975.03382718476	4065820.147055837
360975.34638265456	4065820.1419755425
360975.676798437	4065820.136604957
360976.0070338963	4065820.1201403905
360976.3480734026	4065820.126035043
360976.658935305	4065820.109544435
360976.9984615627	4065820.1151227457
360977.3467376564	4065820.109461927
360977.68626391323	4065820.115040262
360978.03472032445	4065820.1204734654
360978.3921068919	4065820.1257615336
360978.74949345575	4065820.131049617
360979.1068800204	4065820.136337714
360979.46390595083	4065820.1194378426
360979.8300423545	4065820.113486832
360980.18706828397	4065820.0965869864
360980.5525116385	4065820.0798296207
360980.9279106165	4065820.0623519104
360981.2938667038	4065820.045306969
360981.6508926379	4065820.0284071863
360982.00827920006	4065820.0336954067
360982.3761091618	4065820.039154865
360982.7245655663	4065820.0445882585
360983.0428554637	4065820.028318119
360983.40076131816	4065820.033564809
360983.7591307437	4065820.03852931
360984.1182108536	4065820.0552279786
360984.47614667035	4065820.0724840467
360984.8137907138	4065820.0768725458
360985.18046804046	4065820.1042037425
360985.57471000555	4065820.1210984257
360985.9220316068	4065820.114345071
360986.2876552672	4065820.1086819423
360986.65332152526	4065820.1027674056
360987.0288582123	4065820.09663538
360987.39568764804	4065820.1014910797
360987.77075419674	4065820.095395269
360988.127875329	4065820.089845654
360988.4851666727	4065820.083784248
360988.8511227611	4065820.06673963
360989.1893055131	4065820.0504542273
360989.5383841596	4065820.0333761214
360989.88817348814	4065820.0280321836
360990.21689570986	4065820.0112517974
360990.5473114791	4065820.0058817873
360990.8798183295	4065820.000857567
360991.19028270716	4065819.995432074
360991.5117683202	4065819.9902072353
360991.84445547214	4065819.996277047
360992.1459896923	4065819.990996722
360992.45872544945	4065819.997011046
360992.7625310511	4065820.003170514
360993.2090388436	4065819.995913879
360993.62512967666	4065819.9785348624
360994.0574036522	4065819.9821263384
360994.4860511333	4065819.9751600334
360994.81045346416	4065819.981410411
360995.15599311923	4065819.9753692183
360995.5401701161	4065819.9802226108
360995.95976978086	4065819.9847332635
360996.3797850574	4065819.9776744237
360996.7905722243	4065819.9709984935
360997.20135939	4065819.9643225814
360997.59428624646	4065819.9579369463
360997.996143257	4065819.951406202
360998.3801399551	4065819.9451657296
360998.76483875327	4065819.9502900587
360999.1135858908	4065819.9446510146
360999.4881813694	4065819.9385348307
360999.84585866216	4065819.9327506903
361000.17359909706	4065819.9163607545
361000.5321272025	4065819.899096386
361000.88040327764	4065819.893436526
361001.21081903996	4065819.888066928
361001.53230464633	4065819.882842466
361001.8537902538	4065819.877618017
361002.16634570446	4065819.8725387026
361002.49092830566	4065819.8898833646
361002.9346996704	4065819.882246137
361003.2385052506	4065819.8884059773
361003.5629075627	4065819.8946566866
361003.86379643413	4065819.8893414545
361004.1942121922	4065819.8839719705
361004.5352516378	4065819.8898677463
361004.87459755177	4065819.8843531683
361005.1942093411	4065819.856624487
361005.5335552568	4065819.8511099364
361005.86379073287	4065819.834646524
361006.18545661867	4065819.840516231
361006.5100392089	4065819.8578610457
361006.83105974743	4065819.863695453
361007.1506345521	4065819.869219415
361007.47457179375	4065819.8865289437
361007.7792029859	4065819.9038182595
361008.0912933659	4065819.9097978324
361008.55797016254	4065819.9255313594
361008.994425251	4065819.928458371
361009.4329085229	4065819.9324845164
361009.8582744623	4065819.9361890475
361010.3168093667	4065819.951357281
361010.6213403026	4065819.9575602068
361010.9416354537	4065819.963351945
361011.280063425	4065819.968877513
361011.6109995476	4065819.9635330094
361011.95052572555	4065819.9691127054
361012.2883583804	4065819.9632820487
361012.63850823324	4065819.980127026
361012.96075193037	4065819.9860263946
361013.2713965586	4065819.9916956974
361013.6151422348	4065820.009806845
361013.92592978926	4065820.014730342
361014.361416315	4065820.007274139
361014.80792407715	4065820.0000186334
361015.2363912559	4065819.981959376
361015.664858437	4065819.96390014
361016.0896991489	4065819.9352831147
361016.4055205136	4065819.9185741474
361016.7156366698	4065819.8917209203
361017.0447289194	4065819.854053837
361017.41226744634	4065819.8145483597
361017.78643263277	4065819.752983903
361018.11336607556	4065819.651412621
361018.419323496	4065819.5284066955
361018.8413181094	4065819.304326165
361019.1924196774	4065819.0651094913
361019.50108507776	4065818.8064580956
361019.7950702586	4065818.528763912
361020.0922287785	4065818.2370737535
361020.34524826735	4065817.943744967
361020.5760405293	4065817.6356190857
361020.76548163465	4065817.3261547983
361020.9392147579	4065816.994649162
361021.1225969164	4065816.633206749
361021.23058689735	4065816.246994111
361021.3900672735	4065815.969174847
361021.48222081515	4065815.67160345
361021.56665534404	4065815.3706146255
361021.5947909057	4065815.0553151644
361021.69327469764	4065814.712261566
361021.74936721	4065814.384577593
361021.8162311615	4065814.033351495
361021.8445487689	4065813.7144767167
361021.874116651	4065813.3790278416
361021.9139242907	4065813.0364372637
361021.93476137554	4065812.711692637
361021.9757146172	4065812.372357012
361021.9965876425	4065812.068457591
361022.027080727	4065811.746151406
361022.0424174015	4065811.417019004
361022.1451221021	4065810.938403847
361022.1996857816	4065810.6382630123
361022.2660798033	4065810.326470414
361022.343425657	4065810.0061535835
361022.38555283874	4065809.6859135013
361022.5016872736	4065809.3716521873
361022.7075983962	4065809.0921258596
361022.88486042974	4065808.8262798428
361023.0860722197	4065808.5677903364
361023.3315399685	4065808.310745111
361023.5871802919	4065808.0537294624
361023.8551789446	4065807.8131867005
361024.13733914925	4065807.5866636587
361024.4567359817	4065807.374427435
361024.7847345247	4065807.192254152
361025.13145338796	4065807.0765842423
361025.47230575286	4065806.989100527
361025.8040928471	4065806.9492955944
361026.1364075386	4065806.932419445
361026.46062999434	4065806.9275770425
361026.9281058015	4065806.9545288957
361027.36457483674	4065807.028155196
361027.7887736046	4065807.1245319042
361028.17493387737	4065807.2514206925
361028.54948550125	4065807.432677205
361028.91279418103	4065807.6501523643
361029.22847545927	4065807.884391213
361029.43853100395	4065808.1262597293
361029.7299109058	4065808.3200397273
361030.0347662694	4065808.620251068
361030.3509433168	4065808.9154283907
361030.6724875281	4065809.205576695
361030.9079163393	4065809.401496139
361031.2741958753	4065809.6803478217
361031.5319566805	4065809.8615461993
361031.8041658901	4065810.01848023
361032.0803916411	4065810.1576939235
361032.37390916195	4065810.2845883165
361032.6707675715	4065810.4129282157
361032.96679759724	4065810.515338256
361033.2580434751	4065810.627576169
361033.5732874858	4065810.6679895134
361034.0451342907	4065810.7463210463
361034.5103915326	4065810.7927571717
361034.8297119731	4065810.8086009333
361035.140574249	4065810.7921124636
361035.4529497526	4065810.775940384
361035.90476433706	4065810.713540748
361036.3073981091	4065810.621970409
361036.70279128576	4065810.516887587
361037.0937358655	4065810.3884698674
361037.44164700585	4065810.243719845
361037.79737263895	4065810.074689342
361038.118551567	4065809.8829909866
361038.4635836915	4065809.6776408134
361038.66244929563	4065809.439298846
361038.99765008816	4065809.2681423216
361039.2228374991	4065808.996777256
361039.50377350266	4065808.783721738
361039.77529203077	4065808.490528434
361040.02421177743	4065808.1711329664
361040.1863234718	4065807.8342508804
361040.46911062254	4065807.488932109
361040.5938116031	4065807.1476682043
361040.78198368486	4065806.7627775976
361040.8981969504	4065806.370255098
361040.9649521617	4065805.9452695474
361041.0536133878	4065805.6355074393
361041.10152164084	4065805.303587466
361041.1256086128	4065804.978416191
361041.15150840825	4065804.642722735
361041.1485340546	4065804.277482897
361041.1486326754	4065803.930044643
361041.1428651335	4065803.575036904
361041.13709759206	4065803.220029165
361041.15236146766	4065802.8348287125
361041.169548544	4065802.457342826
361041.17217047163	4065802.068908032
361041.1659863519	4065801.699281797
361041.1717159005	4065801.2997530107
361041.15328523546	4065800.9076588685
361041.1295281574	4065800.5156620643
361041.07912561274	4065800.12291259
361041.03644987586	4065799.7301242235
361040.98480595177	4065799.357939824
361040.8341686743	4065798.9988793177
361040.70675367117	4065798.6447801315
361040.56228667183	4065798.3017585212
361040.4809484728	4065797.990121317
361040.20629564684	4065797.6587366397
361040.0216422037	4065797.3646410396
361039.8181575051	4065797.0671365913
361039.5978984568	4065796.791572976
361039.3755606217	4065796.5454332284
361039.13804567285	4065796.3310017027
361038.8872538134	4065796.1325931046
361038.6202742612	4065795.950817361
361038.3456754047	4065795.7862904277
361037.91438048036	4065795.608001233
361037.6240454227	4065795.4931082465
361037.3093991077	4065795.394598439
361036.9993336867	4065795.3185588564
361036.6778317607	4065795.24855027
361036.3493078595	4065795.200375761
361035.99880297313	4065795.137847328
361035.64962472115	4065795.08803577
361035.2946135161	4065795.040203011
361034.93575760524	4065795.0015333206
361034.5699687315	4065794.975098409
361034.2133938296	4065794.959005656
361033.82001206005	4065794.942948588
361033.4358340422	4065794.9380934434
361033.0789854361	4065794.954988132
361032.6951594191	4065794.971564812
361032.2932247154	4065794.9791059857
361031.90029675886	4065794.985489993
361031.5165642883	4065795.002567018
361031.1055106662	4065794.998403154
361030.69444877387	4065794.9937304053
361030.2928017168	4065794.989180832
361029.89930217963	4065794.9844556935
361029.48842693237	4065794.98028901
361029.0518602999	4065794.96433765
361028.6756002199	4065794.982398594
361028.229033518	4065794.944340985
361027.8266297748	4065794.9404749083
361027.40690960595	4065794.925119562
361027.0048712076	4065794.920554899
361026.594438254	4065794.904392996
361026.20007505274	4065794.8892245074
361025.7887459562	4065794.8626170135
361025.3951594678	4065794.8470510924
361024.9839172981	4065794.8312846287
361024.56440985703	4065794.827025522
361024.1890442391	4065794.8333574417
361023.78691250144	4065794.8285399256
361023.39419560105	4065794.8238455774
361023.03756354534	4065794.851787732
361022.6624959343	4065794.8578819623
361022.2963585047	4065794.8638311084
361021.9401406835	4065794.8695574002
361021.57250113954	4065794.875871945
361021.2242240714	4065794.8815309326
361020.8567332996	4065794.8650004733
361020.53587906767	4065794.84832788
361020.1921325382	4065794.83021643
361019.74240281276	4065794.8038410125
361019.3119754885	4065794.799482121
361018.90932421875	4065794.797078861
361018.44268350065	4065794.793184551
361018.0957954228	4065794.787824663
361017.7302647938	4065794.7937888955
361017.28414725023	4065794.7899814984
361016.86328833713	4065794.807916967
361016.3904722535	4065794.8047168194
361015.9182843642	4065794.801110191
361015.47941347345	4065794.8084238386
361015.0778206301	4065794.825791818
361014.66694722726	4065794.832722736
361014.3019728719	4065794.849442432
361013.9543953608	4065794.8661541226
361013.6042556277	4065794.849990804
361013.27156761964	4065794.8439201205
361012.96110228746	4065794.8493447844
361012.64836566115	4065794.8433296853
361012.3268791258	4065794.8485537013
361012.0164014535	4065794.853219079
361011.6858044594	4065794.8474942376
361011.353128786	4065794.8421829487
361011.0316422496	4065794.847407014
361010.7213448496	4065794.8631664305
361010.3994620169	4065794.879532679
361010.06754318776	4065794.8852672637
361009.72668310074	4065794.890465233
361009.3890296623	4065794.9073899514
361009.04075258086	4065794.913049435
361008.68336503947	4065794.9077600567
361008.30759537854	4065794.902490131
361007.94179941044	4065794.8976166933
361007.548417537	4065794.8815608313
361007.16423944547	4065794.8767068656
361006.78006135346	4065794.8718529185
361006.37859450723	4065794.87839846
361005.976438323	4065794.8851665338
361005.55671978154	4065794.8919871063
361005.1282513418	4065794.910046811
361004.69960261957	4065794.917012545
361004.29774444277	4065794.9235429405
361003.91374662804	4065794.9297831133
361003.5743997238	4065794.9352976996
361003.2618433629	4065794.940376935
361002.87766526296	4065794.9355231617
361002.574115642	4065794.9394452074
361002.27005233214	4065794.9232034665
361001.84367307276	4065794.9072129256
361001.4784351669	4065794.9021508032
361001.09425706253	4065794.897297111
361000.74208980537	4065794.8925495404
361000.37595235056	4065794.8984996253
361000.045245928	4065794.891766162
360999.71493860293	4065794.898144849
360999.29641249636	4065794.8929987475
360998.9465823799	4065794.888437638
360998.64295619394	4065794.893371917
360998.33039982454	4065794.8984513315
360998.0087329838	4065794.8925818936
360997.67604494205	4065794.8865118185
360997.3454479143	4065794.88078753
360997.0439127489	4065794.8860676433
360996.7401062693	4065794.8799079987
360996.32485463895	4065794.8750135074
360995.9630001409	4065794.8814401766
360995.60579286003	4065794.8872453365
360995.2094031139	4065794.893207107
360994.746982197	4065794.9008614104
360994.4002182848	4065794.906837861
360993.99008676165	4065794.9132892466
360993.5607811715	4065794.9204801624
360993.09623140626	4065794.916933011
360992.58000114904	4065794.90298224
360992.0442709253	4065794.8895133287
360991.47276658256	4065794.876622633
360990.88921432704	4065794.8751229006
360990.2878153808	4065794.895893128
360989.9695858636	4065794.9011657564
360989.3685338085	4065794.9330213275
360989.0650879174	4065794.9490499375
360988.7466918136	4065794.954331324
360988.13961973076	4065794.975294609
360987.8359935362	4065794.9802292716
360987.2733920604	4065794.9893729393
360986.74816767167	4065794.9866549773
360986.31740863284	4065794.9824617608
360985.9958350885	4065794.976845775
360985.66523804015	4065794.9711219403
360985.4927841788	4065794.642806728
360985.18897766876	4065794.636647491
360985.01279381034	4065794.9484351748
360984.7000571214	4065794.942421095
360984.3177295517	4065794.9134490388
360983.89579978556	4065794.9222018057
360983.54634954745	4065794.9164766576
360983.19906525087	4065794.922428871
360982.8329277736	4065794.928379707
360982.4856334736	4065794.933716485
360982.1274433658	4065794.939845995
360981.7864029365	4065794.933951086
360981.4726233793	4065794.9389663916
360981.04671098344	4065794.9463144047
360980.6225291333	4065794.9415658196
360980.26049430214	4065794.9368991596
360979.89680654777	4065794.9309876873
360979.4920285782	4065794.926184625
360979.17065141344	4065794.932418959
360978.81344411476	4065794.938224821
360978.47409717867	4065794.9437404014
360978.1167095621	4065794.9384522988
360977.65853389207	4065794.945473738
360977.33751234494	4065794.9396403963
360977.0270469769	4065794.945066364
360976.71431026823	4065794.9390525776
360976.2856615058	4065794.9460197357
360975.90812053625	4065794.9625274474
360975.51784612663	4065794.969596607
360975.1606388251	4065794.9754026206
360974.80343152327	4065794.98120865
360974.39793124923	4065794.9762225435
360973.96071703086	4065794.9611898055
360973.65691050066	4065794.9550309777
360973.34463880333	4065794.9379586414
360973.0341734288	4065794.9433847535
360972.7014853271	4065794.937315647
360972.38208977075	4065794.9428869365
360972.05167301174	4065794.948257621
360971.72125625337	4065794.953628317
360971.3819093091	4065794.9591441792
360971.0514925503	4065794.9645149023
360970.7300059727	4065794.9697404807
360970.39940888603	4065794.964017234
360970.0598816148	4065794.9584391573
360969.71808299504	4065794.9414213276
360969.3791335567	4065794.9358726856
360969.06791001663	4065794.930175544
360968.74624310783	4065794.9243072052
360968.4156460114	4065794.918584035
360968.09415943065	4065794.9238097137
360967.7726728482	4065794.9290354033
360967.4528687046	4065794.944989722
360967.13195869507	4065794.950167267
360966.8017222606	4065794.966632147
360966.46255564404	4065794.983242197
360966.12281245674	4065794.9999004314
360965.76392270834	4065794.9949782244
360965.397785211	4065795.0009298055
360965.022015445	4065794.995661783
360964.67426006676	4065795.001593862
360964.30812257034	4065795.007545491
360963.9328745542	4065795.0025483044
360963.56673705636	4065795.0084999646
360963.20041922183	4065795.003357647
360962.84303156944	4065794.9980701823
360962.4945740977	4065794.992637568
360962.1447837767	4065794.997982598
360961.8165732103	4065795.0144764287
360961.43967780133	4065794.997580086
360961.1386883957	4065795.014337188
360960.7976590003	4065795.009124858
360960.4493818659	4065795.0147863207
360960.1299739542	4065795.0195987485
360959.7796181408	4065795.025673788
360959.4313410065	4065795.0313352933
360959.10092423414	4065795.036706476
360958.7617576241	4065795.0533168335
360958.43250400736	4065795.069458246
360958.1117170573	4065795.0857367036
360957.79307931697	4065795.1119482503
360957.48106394475	4065795.150311138
360957.170306253	4065795.1884744274
360956.8572135532	4065795.238130942
360956.5555663933	4065795.287243077
360956.26411217166	4065795.3995292275
360955.8505817459	4065795.4818326365
360955.4537321235	4065795.6205292055
360955.0995483252	4065795.7630302114
360954.76449016953	4065795.9293659236
360954.49747188034	4065796.100737241
360954.21586632764	4065796.305002422
360953.9378193394	4065796.5781392967
360953.7077871148	4065796.840205502
360953.47655014106	4065797.148219219
360953.29415237776	4065797.4932497656
360953.14954697446	4065797.8517981493
360953.04447314027	4065798.216008135
360952.98452322255	4065798.6022818694
360952.946183356	4065799.004005456
360952.9176649947	4065799.3822938404
360952.88861724286	4065799.793352283
360952.86580729845	4065800.2268344355
360952.8561199856	4065800.5358500043
360952.84971471323	4065800.846772163
360952.839904275	4065801.1705497312
360952.8449455691	4065801.4948005383
360952.8419754789	4065801.8474284946
360952.8388165202	4065802.202581454
360952.82647563657	4065802.554827207
360952.8145668555	4065802.9212193335
360952.8117839688	4065803.298088151
360952.8057240373	4065803.6490567774
360952.823923495	4065804.0338162147
360952.83886389475	4065804.4143971433
360952.85440838715	4065804.8101053983
360952.851610138	4065805.187446346
360952.85768602905	4065805.5722116036
360952.8636936354	4065805.9307438987
360952.87824262923	4065806.288665464
360952.8843466037	4065806.6517082914
360952.89879624895	4065807.00351852
360952.9044585213	4065807.339390705
360952.90698343184	4065807.661116512
360952.9056938488	4065807.981080897
360952.9019279979	4065808.282670488
360952.88882263604	4065808.5916860546
360952.89633151673	4065809.0373523864
360952.8990367797	4065809.370172187
360952.90426695516	4065809.700619626
360952.90930826176	4065810.0229563722
360952.90850240394	4065810.3354947874
360952.9046879179	4065810.6665531634
360952.91021294193	4065810.9901855714
360952.9063984591	4065811.3212439464
360952.9092182192	4065811.6535979877
360952.8991788368	4065811.976079906
360952.89577369863	4065812.299857493
360952.8828487033	4065812.6199670476
360952.8881933804	4065812.932505466
360952.8841326955	4065813.3968369365
360952.8932247748	4065813.8102881964
360952.88926992205	4065814.2307930486
360952.8954018622	4065814.607988828
360952.9004486411	4065814.940808631
360952.9183994175	4065815.3400472235
360952.9323794139	4065815.650533865
