360950.31750786514	4065815.588527906
360950.1254902224	4065815.241240503
360950.08969175164	4065814.852993686
360950.0668956083	4065814.552926716
360950.05028473283	4065814.099430234
360950.0455955176	4065813.656727445
360950.056151805	4065813.3472658624
360950.0623766529	4065813.0315914876
360950.05362915347	4065812.6567755463
360950.03866250376	4065812.275775422
360950.03171347623	4065811.8581531923
360950.01981285	4065811.4700085986
360950.0100737166	4065811.066675312
360950.01241556526	4065810.6710958923
360949.9984914765	4065810.3202103134
360950.0009633822	4065809.952503855
360950.00412221375	4065809.5973508875
360950.0080264668	4065809.2859629546
360950.0028620564	4065808.9845185336
360949.98925119184	4065808.6826008796
360949.9843731145	4065808.274648132
360949.9869908886	4065807.8973071785
360949.9708495989	4065807.5330842617
360949.96435380226	4065807.1652487917
360949.9578610535	4065806.7658650274
360949.9528111382	4065806.4552332116
360949.94938441017	4065806.133507404
360949.95055935683	4065805.767260445
360949.9450437588	4065805.4017334124
360949.938911721	4065805.0245376388
360949.94151058956	4065804.634939323
360949.9444326161	4065804.291468972
360949.9398897386	4065803.9728903756
360949.93343102327	4065803.614735379
360949.9362291627	4065803.237394427
360949.93824002706	4065802.795396108
360949.93322802417	4065802.4908927483
360949.92784536135	4065802.1722258907
360949.9225252358	4065801.8308296264
360949.9260447969	4065801.4978646487
360949.92974471167	4065801.175993666
360949.924334097	4065800.8431738666
360949.9215382988	4065800.530024525
360949.925328708	4065800.194145781
360949.9169419431	4065799.853145757
360949.9027900202	4065799.5179461366
360949.8997154908	4065799.1736435737
360949.8851943459	4065798.8415029016
360949.86814824684	4065798.5001141084
360949.87184816896	4065798.1782431277
360949.8753677372	4065797.8452781523
360949.88808833284	4065797.514685526
360949.9007424413	4065797.1920584277
360949.9226438732	4065796.8509035674
360949.9283232526	4065796.5157447434
360949.9599828845	4065796.17315374
360950.00428335276	4065795.828659242
360950.0521808692	4065795.4849321363
360950.12961571134	4065795.13320156
360950.23642868997	4065794.791052427
360950.3397657513	4065794.4634757983
360950.47309711843	4065794.151092577
360950.63438795024	4065793.8378272667
360950.7933331178	4065793.5530128665
360951.0026312559	4065793.2821002863
360951.20904529793	4065793.0517127723
360951.529233445	4065792.7617821405
360951.88088722975	4065792.5304126004
360952.2038850276	4065792.349885614
360952.6002219972	4065792.208851969
360953.03743917245	4065792.10812947
360953.4874922973	4065792.0558794946
360953.8118957052	4065792.0621283464
360954.13291741826	4065792.06796081
360954.44374361826	4065792.084722
360954.74755029706	4065792.0908801495
360955.07148870715	4065792.108187724
360955.3842255684	4065792.114200723
360955.703801603	4065792.1197227957
360956.0539527348	4065792.136565491
360956.39178662567	4065792.13073266
360956.7311336968	4065792.125216204
360957.0895142945	4065792.1307950914
360957.4457289275	4065792.1246966505
360957.8306093643	4065792.1409131703
360958.1959598579	4065792.123852387
360958.58897308836	4065792.117209096
360958.97279074555	4065792.0998728964
360959.35678874556	4065792.093630709
360959.7313438892	4065792.087821311
360960.1522096399	4065792.1142458683
360960.5634123761	4065792.142845635
360960.95607139496	4065792.1573343063
360961.32287238445	4065792.15044615
360961.71598090243	4065792.155152897
360962.1089090826	4065792.1487656683
360962.4832838814	4065792.1318623954
360962.88583525666	4065792.1361364285
360963.29662380787	4065792.129458928
360963.7162248654	4065792.133968036
360964.11838124425	4065792.127197978
360964.5380999803	4065792.1203753753
360964.9577010364	4065792.1248845463
360965.3598574121	4065792.118114546
360965.7617157752	4065792.111582325
360966.1727779729	4065792.1162519567
360966.55641727045	4065792.0989189986
360966.9762210483	4065792.091840615
360967.38671158237	4065792.08540107
360967.7710075862	4065792.078921502
360968.1737483565	4065792.0948481685
360968.5838974685	4065792.099231885
360968.9683737976	4065792.103846362
360969.37041248556	4065792.108408304
360969.7724511713	4065792.112970263
360970.1743095278	4065792.1064382493
360970.5673629551	4065792.0891853645
360970.9690409858	4065792.071559395
360971.37077408686	4065792.075893483
360971.7549523965	4065792.080745844
360972.1391307043	4065792.085598222
360972.5321215079	4065792.101637217
360972.9179128381	4065792.1295327377
360973.28515848046	4065792.134772706
360973.6315536463	4065792.127921657
360973.9693985976	4065792.122771262
360974.3191779344	4065792.116744976
360974.65251147834	4065792.1228494686
360974.95531212375	4065792.1067850282
360975.37896717637	4065792.0888478635
360975.72103674826	4065792.0828623413
360976.06038380053	4065792.077346654
360976.3985677263	4065792.0610607746
360976.774798644	4065792.065734723
360977.1498664368	4065792.059638483
360977.5427946003	4065792.0532519636
360977.94465294963	4065792.0467203152
360978.337581112	4065792.0403338317
360978.73050927557	4065792.0339473668
360979.1146875694	4065792.038800058
360979.5251780871	4065792.032361096
360979.94453796226	4065792.0255261147
360980.3817868169	4065792.0184026235
360980.81936590525	4065792.0112905307
360981.27534630394	4065792.037170149
360981.7309660752	4065792.0408618078
360982.1873926203	4065792.0332462476
360982.6506505699	4065792.0369961625
360983.1073820286	4065792.029390549
360983.58068185474	4065792.0216980274
360984.0464510776	4065792.003200122
360984.5447812583	4065791.9838347984
360985.0179007764	4065791.965048365
360985.5092412805	4065791.9681596635
360986.027192032	4065791.95974158
360986.5542532753	4065791.9622723823
360987.0722040249	4065791.9538543615
360987.5722944047	4065791.945726649
360988.06363490253	4065791.948838093
360988.537115029	4065791.952239838
360988.97487441107	4065791.956222155
360989.3860235385	4065791.9717338933
360989.7711946168	4065791.9768787418
360990.1112423294	4065791.9824822946
360990.5340914111	4065791.9980089758
360990.8933159976	4065791.992350518
360991.208502529	4065791.9865023955
360991.55451030115	4065792.0037986124
360991.9320278283	4065791.985840591
360992.2411370264	4065791.993596078
360992.6732331965	4065791.9737945898
360993.0036500471	4065791.968424707
360993.34201427636	4065791.96323349
360993.7182451556	4065791.967908183
360994.1027648649	4065791.9619383477
360994.49544487515	4065791.9666288104
360994.88809940754	4065791.9488960938
360995.2901380305	4065791.9534592517
360995.6832464703	4065791.958167559
360996.06742472196	4065791.9630210116
360996.45160297246	4065791.9678744823
360996.8448047255	4065791.972835845
360997.2200527883	4065791.9778344785
360997.6044113266	4065791.9937819927
360997.98831596255	4065791.9872885374
360998.3901742877	4065791.98075785
360998.80162660533	4065791.9742852147
360999.25640222966	4065791.966680653
360999.702434909	4065791.970743014
361000.15871148696	4065791.9742110306
361000.6320112876	4065791.966519453
361001.09638090356	4065791.9589730254
361001.5607505197	4065791.951426624
361002.0171834462	4065791.944206429
361002.46287948027	4065791.9478632533
361002.90045853803	4065791.9407522897
361003.32084103534	4065791.9341347516
361003.748708372	4065791.938297541
361004.13282405154	4065791.9207256148
361004.5346823702	4065791.9141952153
361004.9455334253	4065791.929945459
361005.33893985086	4065791.9344164506
361005.74097844836	4065791.9389801
361006.16021404776	4065791.9441899164
361006.5446950807	4065791.9259194727
361006.96441376326	4065791.919098952
361007.3925860553	4065791.9234519484
361007.83001515316	4065791.9274238534
361008.26777448365	4065791.931407158
361008.7144639968	4065791.9352453677
361009.18592170306	4065791.9502541027
361009.62798840576	4065791.942579645
361010.1182111866	4065791.956625087
361010.62575558916	4065791.9707287066
361011.11875241395	4065791.9625603682
361011.65261514444	4065791.97621614
361012.1726944685	4065791.9565311037
361012.6997556305	4065791.9590635155
361013.2534270723	4065791.950066637
361013.80691824335	4065791.9299758007
361014.37826978555	4065791.909594782
361014.95384108217	4065791.911850584
361015.5038335767	4065791.913499045
361016.09387594817	4065791.938212962
361016.64725772775	4065791.91711324
361017.20092916524	4065791.9081166154
361017.7615824276	4065791.9213374495
361018.2909524654	4065791.923695664
361018.8314070155	4065791.9376537455
361019.31994571676	4065791.9182299376
361019.7907771472	4065791.9328133073
361020.22853644186	4065791.936797222
361020.64040533145	4065791.930162234
361021.01537975454	4065791.9238149165
361021.3456163155	4065791.907352136
361021.65270431427	4065791.9028425976
361022.0687809879	4065791.8845048933
361022.47956946597	4065791.8778302358
361022.86356739426	4065791.8715909007
361023.25422597345	4065791.888162894
361023.6142436524	4065791.892684458
361024.00207014167	4065791.9225186603
361024.3347799791	4065791.9370879508
361024.68166543	4065791.9669610905
361024.98247380386	4065791.9824332814
361025.30283880926	4065791.99926164
361025.60801806574	4065792.004549318
361025.955283015	4065792.0219514803
361026.2781423852	4065792.015854996
361026.65339036984	4065792.0208549183
361027.0427888378	4065792.026251255
361027.4126362677	4065792.019615726
361027.81431429606	4065792.0019924287
361028.2429631305	4065791.995027857
361028.5555195729	4065791.9899495374
361028.8770061983	4065791.9847261347
361029.20724275755	4065791.9682636596
361029.5374793158	4065791.951801195
361029.8698068909	4065791.9356845296
361030.1977721873	4065791.907782313
361030.53046026407	4065791.913853659
361030.839243333	4065791.8977010096
361031.1892028676	4065791.9027710436
361031.5181175712	4065791.8977680146
361031.88575722364	4065791.891453901
361032.23305159	4065791.886119132
361032.6094626227	4065791.901889526
361032.99463359267	4065791.907036321
361033.3783406867	4065791.9118705587
361033.7254031898	4065791.895134885
361034.11972620274	4065791.910922142
361034.4674816264	4065791.904992889
361034.8347922231	4065791.910429944
361035.18324963946	4065791.915865505
361035.53188729496	4065791.9323950713
361035.8803447101	4065791.9378306614
361036.237732306	4065791.9431211785
361036.6120807779	4065791.948082859
361036.97785970225	4065791.931043235
361037.38891345117	4065791.9352073856
361037.7995216673	4065791.917439472
361038.2304636353	4065791.888969999
361038.6830691516	4065791.869794125
361039.1123680838	4065791.8971211445
361039.5483474306	4065791.9353100667
361039.9778974353	4065791.9838160425
361040.3732794281	4065792.0090210238
361040.78501599014	4065792.0364005375
361041.16908472753	4065792.040246943
361041.5532628575	4065792.0451024384
361041.9464644883	4065792.0500658723
361042.3118157825	4065792.0330581763
361042.7148887069	4065792.0376067567
361043.0602609964	4065791.999646515
361043.44628154364	4065792.003251459
361043.80330865405	4065791.986354309
361044.1707994555	4065792.002885755
361044.51790357224	4065791.9858420296
361044.86501768586	4065791.969413782
361045.2132948458	4065791.963755761
361045.55194229673	4065791.947190422
361045.9106517474	4065791.941021988
361046.2317778977	4065791.9136112533
361046.5605123553	4065791.897514813
361046.89261148334	4065791.9028756386
361047.20516790665	4065791.897798
361047.51546542626	4065791.882039912
361047.848141124	4065791.887352609
361048.1874880993	4065791.8818397834
361048.52852848446	4065791.8877373426
361048.85077314725	4065791.893638093
361049.1724399801	4065791.899509445
361049.49428703455	4065791.9164748006
361049.835169083	4065791.956295936
361050.1661265414	4065791.984210234
361050.5164511974	4065792.035645255
361050.8464424812	4065792.073030703
361051.1969473514	4065792.1355597433
361051.53151950985	4065792.2105807024
361051.856590525	4065792.2836355986
361052.1688487073	4065792.364623211
361052.50765879033	4065792.4742980427
361052.8272385331	4065792.581872797
361053.14797470765	4065792.697763219
361053.46589438844	4065792.8304765723
361053.7660939258	4065792.9602627074
361054.0493102884	4065793.1176330573
361054.2833492051	4065793.3472422436
361054.6621183349	4065793.5073821424
361054.8937098774	4065793.724409535
361055.0839773623	4065793.9785749377
361055.3791680541	4065794.136649058
361055.56046505115	4065794.421796576
361055.82448635605	4065794.636075131
361056.00853798294	4065794.9765732074
361056.276114013	4065795.1900439067
361056.43621929054	4065795.448537538
361056.584707024	4065795.831262314
361056.7717674749	4065796.066004312
361056.9355743572	4065796.444829438
361057.02670262737	4065796.823708332
361057.1362551073	4065797.188369159
361057.2261383688	4065797.5151839238
361057.26671839406	4065797.8847677694
361057.3122510022	4065798.2632619976
361057.3358025787	4065798.6395928087
361057.3334357853	4065799.017508353
361057.3216981692	4065799.4168012817
361057.3105453569	4065799.8267478747
361057.31739352347	4065800.248319551
361057.3137201706	4065800.5694858967
361057.31876618904	4065800.880117659
361057.3239268163	4065801.181562019
361057.3293332654	4065801.5143817654
361057.32562932756	4065801.8362525827
361057.3218347912	4065802.1666998644
361057.32715162536	4065802.479849156
361057.32985485095	4065802.7922510165
361057.3552842264	4065803.1119165444
361057.3688913042	4065803.4138342496
361057.3741262259	4065803.7219410166
361057.3968436872	4065804.034807649
361057.3842838763	4065804.3634859296
361057.3869214955	4065804.6934013325
361057.3825709367	4065805.003373398
361057.3432493887	4065805.3181295213
361057.3064163237	4065805.618702693
361057.285693815	4065806.0639113053
361057.284502051	4065806.4750459976
361057.29082215246	4065806.864109167
361057.31559690915	4065807.2862102175
361057.3279666825	4065807.707158455
361057.355723344	4065808.106730404
361057.38071805425	4065808.5267998944
361057.4042696284	4065808.9031307288
361057.4195909739	4065809.2922426853
361057.4264311595	4065809.691233821
361057.43309912726	4065810.101711512
361057.4217265536	4065810.501385343
361057.41016919794	4065810.9117722516
361057.4080917883	4065811.311681928
361057.3972598674	4065811.744637735
361057.3754008065	4065812.064892087
361057.37208133715	4065812.4083399544
361057.35980769683	4065812.752543828
361057.35673503304	4065813.0991201773
361057.35979869886	4065813.473408572
361057.35982319544	4065813.8501321645
361057.35376111435	4065814.2140347734
361057.3420996251	4065814.6016796413
361057.3213803576	4065814.979310555
361057.28168847394	4065815.3572316016
361057.2094217402	4065815.7501648855
361057.13517766166	4065816.1286661956
361057.0491619337	4065816.4968558527
361056.9554146069	4065816.8582532145
361056.84272450925	4065817.1878377437
361056.69713603717	4065817.508663969
361056.5463300872	4065817.795403105
361056.3835777493	4065818.052298255
361056.13908512116	4065818.401502104
361055.8890780996	4065818.686626865
361055.6513299714	4065818.9094944475
361055.43601067894	4065819.148989679
361055.13083427836	4065819.296838264
361054.7812710244	4065819.4874386163
361054.4578773003	4065819.6792853046
361054.1844065309	4065819.8162386683
361053.8706852873	4065819.967462018
361053.5077059708	4065820.114003825
361053.1331164428	4065820.2456584107
361052.7911362359	4065820.3719301163
361052.4562341589	4065820.4986050106
361052.13591557747	4065820.6177611947
361051.7266003013	4065820.7885159194
361051.3506762769	4065820.9443476996
361050.9837128608	4065821.079929229
361050.667375476	4065821.19503321
361050.34751199686	4065821.3001017524
361050.0185381485	4065821.394221389
361049.70384457946	4065821.4691837095
361049.3893889832	4065821.530385402
361049.0306881737	4065821.59217587
361048.6294955183	4065821.6633981294
361048.3112006226	4065821.715996244
361048.00721889944	4065821.776598357
361047.69556470873	4065821.8371459562
361047.3964384089	4065821.906377809
361047.08262440655	4065821.9689905094
361046.79300267185	4065822.0767250904
361046.4600198299	4065822.1106268135
361046.1379789082	4065822.182771284
361045.81743042497	4065822.244952847
361045.4968461123	4065822.3056456065
361045.1572725336	4065822.3667989797
361044.80835826986	4065822.417865052
361044.47905992524	4065822.456466779
361044.1490047807	4065822.4840226923
361043.8345509483	4065822.5006079986
361043.42838974093	4065822.5288543613
361043.00458754314	4065822.547382424
361042.58505064866	4065822.565295211
361042.2816057274	4065822.581321962
361041.9424401982	4065822.5979290484
361041.5852341312	4065822.6037323223
361041.201237609	4065822.609970857
361040.79910716397	4065822.60515258
361040.4061804879	4065822.611536233
361040.0222773476	4065822.6180278254
361039.63897380844	4065822.6350728194
361039.23660423694	4065822.6418892136
361038.8347474105	4065822.648418024
361038.4326169594	4065822.643599858
361038.0396034243	4065822.6391426316
361037.63765321265	4065822.645418494
361037.2448199184	4065822.652055297
361036.860908508	4065822.6580381235
361036.4671946559	4065822.6533130747
361036.130053125	4065822.669825819
361035.7633976037	4065822.675816007
361035.38804133947	4065822.693039889
361035.0033518231	4065822.6884723133
361034.6284656935	4065822.705660047
361034.2535795643	4065822.722847797
361033.8606528865	4065822.7292317515
361033.47683660715	4065822.7465646267
361033.0660496247	4065822.753238798
361032.6731229457	4065822.7596228076
361032.262335964	4065822.7662970186
361031.86047913344	4065822.7728261566
361031.4496921497	4065822.7795004062
361031.02991246467	4065822.763894026
361030.6101953285	4065822.7707134103
361030.19922809215	4065822.766293727
361029.77903275413	4065822.762256917
361029.33335702174	4065822.7353566797
361028.9213151123	4065822.73157229
361028.5102301743	4065822.738484439
361028.1171232343	4065822.733774663
361027.7331267007	4065822.7400138034
361027.36699046986	4065822.745962766
361027.01871454326	4065822.751621551
361026.6793687685	4065822.7571352525
361026.3468620584	4065822.7621580833
361025.91155595507	4065822.780707673
361025.4827284035	4065822.7765784124
361025.0413286336	4065822.7610763484
361024.61304619536	4065822.745895964
361024.1869550679	4065822.7421478787
361023.7455552908	4065822.7266458804
361023.3077975792	4065822.722661831
361022.8647517799	4065822.7303408314
361022.56094634545	4065822.7241802975
361022.2483910223	4065822.72925887
361021.94766871445	4065822.744816533
361021.6344695359	4065822.749951397
361021.32273832866	4065822.7660677247
361021.0007892597	4065822.782441708
361020.66104716796	4065822.799097807
361020.3220619163	4065822.826799746
361019.9722838096	4065822.8328241906
361019.62418814306	4065822.8495772695
361019.24912175443	4065822.855671686
361018.86512521404	4065822.8619112247
361018.48076814064	4065822.845962794
361018.0878414472	4065822.8523474727
361017.7040251726	4065822.869681056
361017.2929645234	4065822.86500899
361016.9001312129	4065822.871646728
361016.50702424825	4065822.8669374865
361016.0965351978	4065822.8733747164
361015.72143624077	4065822.8905451344
361015.3102904745	4065822.886129067
361014.935317466	4065822.8924766756
361014.5422104963	4065822.8877675254
361014.1758939846	4065822.882623062
361013.8380503747	4065822.8877719
361013.47782885865	4065822.893625346
361013.1396357796	4065822.877267974
361012.8001097194	4065822.8716882328
361012.4695138114	4065822.865963395
361012.13016802294	4065822.8714776733
361011.8109415634	4065822.887382189
361011.4516567245	4065822.8936002627
361011.1229235396	4065822.9096980877
361010.77448885766	4065822.937587106
361010.4663456325	4065822.9820826766
361010.12682137004	4065823.0231055114
361009.8073171444	4065823.103761103
361009.4779831849	4065823.175694328
361009.15127441526	4065823.2803128147
361008.84094711434	4065823.4083546354
361008.51775541576	4065823.577767906
361008.227362417	4065823.7652721917
361007.96484435885	4065823.961651252
361007.70689784543	4065824.182722714
361007.4424186512	4065824.397862102
361007.22803705285	4065824.6436273875
361007.0045810704	4065824.897365478
361006.7933336516	4065825.1573917097
361006.7011696673	4065825.4501108895
361006.44059482607	4065825.764778764
361006.27723440935	4065826.0871208794
361006.1573520594	4065826.4126849505
361006.06685520406	4065826.7512485455
361005.99551554176	4065827.081739211
361005.9589019389	4065827.432983443
361005.93413590366	4065827.7700249995
361005.9169515303	4065828.1142290155
361005.9048793989	4065828.4689921746
361005.919317356	4065828.807778217
361005.92253458925	4065829.159727014
361005.94871577754	4065829.5175035177
361005.9634149872	4065829.8723661695
361005.98704434215	4065830.2270837016
361006.0020762515	4065830.5899813725
361005.99615484546	4065830.9562282558
361005.9873087228	4065831.341283713
361005.9755780697	4065831.7187697077
361005.9640277033	4065832.1073496942
361005.9616002576	4065832.5064587444
361005.95902362	4065832.887743968
361005.965620972	4065833.302546445
361005.98147502134	4065833.719648314
361005.9791820344	4065834.1370450812
361005.98570557695	4065834.529654915
361005.983412591	4065834.9470516825
361005.99008308275	4065835.35752942
361005.996753575	4065835.768007156
361006.0036043515	4065836.1895788875
361006.01027484494	4065836.6000566254
361006.0076879703	4065836.981717589
361005.9962743238	4065837.3885412146
361005.99369769945	4065837.769826447
361005.9733975026	4065838.169645552
361005.9619713695	4065838.5768889925
361005.9599045121	4065838.9981860304
361005.9396567616	4065839.426559668
361005.9346591509	4065839.8420550944
361005.8995445046	4065840.2602254967
361005.86020354234	4065840.6464100727
361005.8040025498	4065841.035715668
361005.73742459633	4065841.4102695785
361005.67193291563	4065841.777532307
361005.6275055364	4065842.1321861222
361005.5445659443	4065842.4877475137
361005.39111651183	4065842.8391593248
361005.28784079215	4065843.1790579683
361005.16708981036	4065843.5291349553
361005.0361679396	4065843.870763025
361004.9789200579	4065844.2202553474
361004.7484589596	4065844.573294508
361004.59312519943	4065844.90872648
361004.395971516	4065845.2565892115
361004.19598714175	4065845.5927467993
361004.085415518	4065845.9216180765
361003.73780926724	4065846.240615569
361003.5020982475	4065846.5199768674
361003.2605214862	4065846.795195999
361003.02746891347	4065847.038897582
361002.7431626274	4065847.2834627023
361002.4674324261	4065847.495319748
361002.2025935359	4065847.6882713432
361001.9332600901	4065847.8616087227
361001.6427041574	4065848.025712524
361001.35384655866	4065848.166159148
361001.06047258567	4065848.2971140915
361000.76460604597	4065848.4140196843
361000.35038949497	4065848.5749799665
360999.9313791579	4065848.7185988547
360999.5023581397	4065848.839568847
360999.2087457552	4065848.9109219946
360998.9132870812	4065848.993862046
360998.59981764905	4065849.054829606
360998.2881647356	4065849.1153790485
360997.96687774797	4065849.155532615
360997.6446764376	4065849.19423883
360997.32228465815	4065849.222749527
360997.0100908655	4065849.250017035
360996.7066469049	4065849.266045433
360996.3826200294	4065849.2828339227
360995.9488507578	4065849.311597098
360995.49925882614	4065849.3415778163
360995.08334980777	4065849.370050772
360994.6550643998	4065849.399205076
360994.2052921728	4065849.4180918676
360993.8817165198	4065849.4229708575
360993.4167046685	4065849.4304824467
360993.09568520676	4065849.424648572
360992.76509027433	4065849.418924524
360992.4261430535	4065849.41337503
360992.07820824406	4065849.4079659684
360991.7219961723	4065849.4140630364
360991.3469309134	4065849.420158711
360990.95373166166	4065849.415197675
360990.5789401443	4065849.43264038
360990.1769910725	4065849.438918511
360989.77552677057	4065849.445464907
360989.39110832993	4065849.462809603
360988.989377853	4065849.4584747525
360988.5699644838	4065849.442171855
360988.1679221503	4065849.4383208603
360987.75641692645	4065849.4227961246
360987.33604252274	4065849.407667442
360986.92489613895	4065849.3921558824
360986.51393006236	4065849.387738333
360986.10296398477	4065849.3833208065
360985.7098581558	4065849.378613015
360985.30800251174	4065849.385144378
360984.9152573028	4065849.4026246103
360984.53126190975	4065849.4088657256
360984.1472665176	4065849.4151068577
360983.7634514361	4065849.432441999
360983.3794560435	4065849.438683166
360982.9865305224	4065849.4450694937
360982.5845814392	4065849.4513479806
360982.19174935867	4065849.457987349
360981.798823839	4065849.4643737315
360981.4056245665	4065849.4594131373
360981.02190292365	4065849.477001405
360980.6466573374	4065849.472003556
360980.26266194077	4065849.4782448625
360979.87778403563	4065849.462027407
360979.5018870628	4065849.4459147262
360979.15442478505	4065849.440773178
360978.79703944153	4065849.4354851134
360978.4575143505	4065849.429906766
360978.11816957896	4065849.4354224256
360977.78943748365	4065849.4515215596
360977.4128699772	4065849.457983228
360977.0467348258	4065849.463934379
360976.67114767956	4065849.469759905
360976.33232477866	4065849.475546427
360975.9751197537	4065849.4813524736
360975.6445247819	4065849.4756290847
360975.3051800086	4065849.481144856
360974.97476536024	4065849.4865154885
360974.6553596422	4065849.491327426
360974.3050059365	4065849.497401944
360973.974591287	4065849.502772614
360973.64190516406	4065849.4967035297
360973.3225117867	4065849.502274846
360972.998755788	4065849.4960606326
360972.6860210606	4065849.4900470497
360972.37555781	4065849.495473248
360972.0254089387	4065849.4786299486
360971.685883831	4065849.4730518693
360971.337948973	4065849.46764365
360970.9906670044	4065849.4735964267
360970.63346197235	4065849.479402696
360970.2760766113	4065849.4741149857
360969.9289649686	4065849.4905463266
360969.5707770037	4065849.4966764357
360969.2225020972	4065849.502337606
360968.8833376508	4065849.518947626
360968.51602922264	4065849.5135134705
360968.177857712	4065849.5304151964
360967.8204723457	4065849.5251275892
360967.4721974391	4065849.5307888314
360967.09595888073	4065849.5254998966
360966.739746784	4065849.531598006
360966.3633278909	4065849.5152151114
360965.9981856675	4065849.521458413
360965.6229400429	4065849.516461223
360965.22974072956	4065849.51150137
360964.8636990041	4065849.5177060454
360964.4790013783	4065849.5125832744
360964.0860758381	4065849.518970472
360963.6847420415	4065849.525773641
360963.26502612344	4065849.532596369
360962.8363800773	4065849.5395642812
360962.39862356463	4065849.535583387
360961.96086705005	4065849.5316025163
360961.5140000663	4065849.516672839
360961.068120059	4065849.501529933
360960.6300333023	4065849.497537754
360960.2012069069	4065849.493411805
360959.78131063667	4065849.489140708
360959.38745456625	4065849.484405751
360959.0035525788	4065849.490901016
360958.6193768112	4065849.4860493
360958.2255686941	4065849.4699779847
360957.84209514136	4065849.47649109
360957.4579193681	4065849.4716394274
360957.07374359405	4065849.466787782
360956.6888655997	4065849.450571368
360956.32307194703	4065849.4457002045
360955.93740051525	4065849.4064737395
360955.56136368786	4065849.3668454215
360955.20275964	4065849.329528712
360954.8355423546	4065849.268916851
360954.4578041529	4065849.1716841795
360954.0994559395	4065849.072283922
360953.7646650022	4065848.96577909
360953.4564033619	4065848.8510241224
360953.14915986813	4065848.7037944016
360952.8697865172	4065848.559211549
360952.5997218084	4065848.381010119
360952.3485011235	4065848.1954677617
360952.10844322946	4065848.006478343
360951.89837801084	4065847.711876503
360951.6077443435	4065847.5048571303
360951.345815062	4065847.1672638473
360951.1169708377	4065846.8269794616
360950.96808141645	4065846.5444499925
360950.84194633656	4065846.2456952576
360950.73487060546	4065845.9363028156
360950.6382264766	4065845.6188137825
360950.5593491187	4065845.287853279
360950.5099715751	4065844.979708036
360950.4959351724	4065844.637225607
360950.4520901296	4065844.3098269883
360950.44082388375	4065843.9975703014
360950.4264745696	4065843.67537982
360950.4211543862	4065843.3338458748
360950.4125871806	4065842.978838068
360950.3895051087	4065842.643783561
360950.3860698406	4065842.26911281
360950.36860432633	4065841.9107198184
360950.3536007617	4065841.5482935593
360950.32996911125	4065841.193576108
360950.314906882	4065840.816525493
360950.2913969207	4065840.4582776814
360950.276545752	4065840.0927924355
360950.2525226809	4065839.715415624
360950.22889102466	4065839.3606981756
360950.21422021004	4065839.0063069225
360950.1993662923	4065838.6545032808
360950.1938466602	4065838.302547889
360950.1973852225	4065837.969048046
360950.19188406446	4065837.644804658
360950.1952231779	4065837.3007456707
360950.19827297743	4065836.9264571117
360950.1922498479	4065836.568396897
360950.17736797273	4065836.202440277
360950.17159659415	4065835.847432473
360950.1655205335	4065835.462667225
360950.15969312727	4065835.1152288793
360950.1479989899	4065834.7458870825
360950.1299293776	4065834.3833156414
360950.1150475029	4065834.017359024
360950.100165628	4065833.651402405
360950.0683812312	4065833.3008071305
360950.06198484	4065832.938763356
360950.05858604284	4065832.584434675
360950.0500003725	4065832.2015771572
360950.06208928616	4065831.8462789995
360950.0650523353	4065831.480504151
360950.06193026394	4065831.1219718186
360950.05303418497	4065830.741245675
360950.055349843	4065830.3452470754
360950.0577871952	4065829.945718122
360950.06022455014	4065829.5461891694
360950.0627054423	4065829.139510567
360950.056169114	4065828.7472764417
360950.0768711354	4065828.3331952877
360950.08787781495	4065827.940633354
360950.0992017891	4065827.548108874
360950.11422006116	4065827.1373407505
360950.116116242	4065826.7197987097
360950.1241938303	4065826.3381376686
360950.13560488756	4065825.931313888
360950.1743040476	4065825.535186025
360950.1891613226	4065825.159935738
360950.2814660768	4065824.8039116985
360950.34749665344	4065824.4699304663
360950.43442031206	4065824.1582718953
360950.5277824251	4065823.8571371157
360950.6357051831	4065823.5735218856
360950.7921694801	4065823.1890979996
360950.97069514485	4065822.8419535756
360951.15857632126	4065822.530032701
360951.33771712205	4065822.264660713
360951.52660663374	4065822.022252631
360951.71124773443	4065821.784323223
360952.0056354961	4065821.517267947
360952.3299849392	4065821.2317274157
360952.6034188305	4065821.031656072
360952.90629990364	4065820.841549905
360953.18545210926	4065820.673092363
360953.4896673422	4065820.523328475
360953.78304159234	4065820.392371934
360954.0789085427	4065820.275464736
360954.38343183557	4065820.1585796066
360954.69418383815	4065820.042558621
360955.0164139098	4065819.917554008
360955.36261961015	4065819.797825112
360955.7228118531	4065819.6601026314
360956.123926646	4065819.539415481
360956.5148697647	4065819.410994029
360956.9238535552	4065819.2933762507
360957.35101388796	4065819.193696643
360957.7611184724	4065819.099803138
360958.1886304646	4065819.056804434
360958.59798940993	4065819.0058371136
360959.01677799283	4065818.965045832
360959.4093713863	4065818.91496886
360959.8009873213	4065818.8753972705
360960.19275683	4065818.8239094494
360960.5577662257	4065818.7744173617
360960.9222572838	4065818.724216904
360961.2883904092	4065818.675118783
360961.653267875	4065818.6346553573
360962.0097528493	4065818.5844727773
360962.35730766907	4065818.5344353775
360962.7048624875	4065818.4843979883
360963.0434871546	4065818.4345057807
360963.38281285454	4065818.4059162913
360963.7010889962	4065818.3575169477
360964.03078351385	4065818.307769943
360964.3517282107	4065818.2692621043
360964.67430137243	4065818.2518442
360965.0141109165	4065818.2351777754
360965.3495222675	4065818.240868323
360965.6614324752	4065818.235752359
360965.96606387757	4065818.253040189
360966.27095564705	4065818.281429527
360966.57439665915	4065818.309733233
360966.890059515	4065818.3391495203
360967.2110030443	4065818.378141115
360967.5239192523	4065818.395248523
360967.82934913685	4065818.4237537235
360968.2765783737	4065818.4608717617
360968.6949958699	4065818.486159216
360969.1116121707	4065818.501100875
360969.4224976429	4065818.5312334877
360969.8356762994	4065818.533719114
360970.15068356687	4065818.551172391
360970.4553149413	4065818.568460381
360970.77424454194	4065818.5739476653
360971.11546444485	4065818.5909361048
360971.4544704025	4065818.596489506
360971.7838933812	4065818.5908270963
360972.1512030542	4065818.596261428
360972.4983060202	4065818.5792147424
360972.85569266597	4065818.584502583
360973.2128989849	4065818.5786964437
360973.561175145	4065818.573035472
360973.9284848118	4065818.5784698776
360974.276760972	4065818.5728089362
360974.61493378395	4065818.555907491
360974.9632099445	4065818.5502465777
360975.32210982445	4065818.5558508844
360975.65994258586	4065818.5500187827
360976.0276128929	4065818.5776412673
360976.365966024	4065818.571833884
360976.7231723384	4065818.566027891
360977.09912141564	4065818.582390392
360977.4660511943	4065818.5994493603
360977.8056159054	4065818.604226498
360978.1458429115	4065818.620923538
360978.48536922364	4065818.6265019076
360978.8333053207	4065818.6319104536
360979.1537981304	4065818.6263934746
360979.4931441248	4065818.620877892
360979.8515236196	4065818.6264577005
360980.1898767441	4065818.6206504675
360980.5470830525	4065818.6148446347
360980.89517888817	4065818.598089969
360981.2606223091	4065818.581332634
360981.64583394164	4065818.586168591
360982.0030402493	4065818.5803628187
360982.35097490624	4065818.5855254065
360982.7262218409	4065818.59052337
360983.0937117982	4065818.607052164
360983.4509181044	4065818.601246453
360983.81588138646	4065818.5839099432
360984.1820178515	4065818.5779591203
360984.55708447105	4065818.5718631707
360984.9043777547	4065818.5665264516
360985.2984678641	4065818.570910455
360985.68334706366	4065818.5871281917
360986.0673438399	4065818.5808871696
360986.4150981802	4065818.57495593
360986.78240781673	4065818.58039089
360987.13086426706	4065818.585824464
360987.47109123826	4065818.6025218735
360987.8190273161	4065818.6079307874
360988.13970042195	4065818.6135081365
360988.4701162478	4065818.608138048
360988.7916019164	4065818.602913108
360989.1220177431	4065818.597543045
360989.44332310825	4065818.5812241384
360989.76480877766	4065818.575999236
360990.0950442999	4065818.559535216
360990.39641061664	4065818.543920163
360990.70814197103	4065818.527802711
360991.02706217015	4065818.533771085
360991.3301424489	4065818.539887681
360991.78594107984	4065818.5546738254
360992.2120325186	4065818.5584203037
360992.63174991665	4065818.5515990416
360993.06039747223	4065818.544632668
360993.49815548275	4065818.548615177
360993.93591349263	4065818.5525977076
360994.25138571643	4065818.558993197
360994.695157165	4065818.551355543
360995.120178229	4065818.5338314697
360995.4274300668	4065818.539454844
360995.73105541634	4065818.534520426
360996.03468076483	4065818.5295860185
360996.3499726907	4065818.524887594
360996.81744806253	4065818.5518377875
360997.27050006815	4065818.5543153128
360997.57448600157	4065818.5715689464
360997.8808579515	4065818.578943517
360998.3158693446	4065818.5706173596
360998.61967497965	4065818.576777036
360999.0516133838	4065818.55866056
360999.38493208017	4065818.563915068
360999.7153478961	4065818.558545415
361000.0727344737	4065818.5638343897
361000.42994075886	4065818.5580293867
361000.8051876491	4065818.563028144
361001.1898865026	4065818.568152586
361001.5376408232	4065818.5622219616
361001.89466682065	4065818.5453230273
361002.2234001822	4065818.529224851
361002.582108632	4065818.523054564
361002.93038475956	4065818.517394789
361003.297514071	4065818.511736464
361003.66317945044	4065818.5057655876
361004.0375439571	4065818.4883057084
361004.42154071224	4065818.4820655086
361004.7866942881	4065818.4764393554
361005.1807843518	4065818.4808242754
361005.5471010749	4065818.4859683597
361005.9132375155	4065818.4800184676
361006.2708043626	4065818.4964016946
361006.6369408013	4065818.4904518323
361006.99414708297	4065818.4846471045
361007.35153364437	4065818.4899363844
361007.69999004825	4065818.495370795
361008.05836947693	4065818.5009517847
361008.4070061573	4065818.5174802174
361008.7563518777	4065818.523813117
361009.0784069712	4065818.5399325825
361009.39780154434	4065818.534362636
361009.72821734915	4065818.5289933686
361010.03805024945	4065818.5243841563
361010.38257043436	4065818.5409337543
361010.84281673504	4065818.5460671564
361011.2734950441	4065818.52607657
361011.7200028872	4065818.518820905
361012.03547507036	4065818.5252170493
361012.4397191224	4065818.496508965
361012.86288269056	4065818.489152514
361013.2771317002	4065818.4829013064
361013.65784692107	4065818.487331585
361014.04832414794	4065818.4928091345
361014.3901197801	4065818.47543251
361014.70407554554	4065818.471181587
361015.025380919	4065818.454863641
361015.3631463333	4065818.437427558
361015.7480025456	4065818.398733822
361016.11892497994	4065818.337592016
361016.42540359456	4065818.2556080087
361016.7289005009	4065818.1416832283
361017.05354697746	4065818.0049946993
361017.32920164714	4065817.8380247084
361017.6681779432	4065817.6139863096
361017.90884411056	4065817.4323208793
361018.18395284686	4065817.215653577
361018.4531231105	4065816.981397368
361018.671853937	4065816.7406840674
361018.9088221146	4065816.481604389
361019.11935691215	4065816.2225383427
361019.29403664364	4065815.9528541886
361019.46028607147	4065815.6961330757
361019.5963310164	4065815.4283594824
361019.73626934213	4065815.1447714404
361019.88314973935	4065814.717933641
361019.9955875104	4065814.4005612726
361020.0966937687	4065814.0799092124
361020.1273040291	4065813.769730812
361020.20680704684	4065813.455306907
361020.2521270663	4065813.006750269
361020.2581085581	4065812.7067771633
361020.3028837512	4065812.2721429905
361020.321895806	4065811.8488312894
361020.34294632095	4065811.426514991
361020.3718802961	4065811.0694453623
361020.4293354823	4065810.6797221196
361020.4977386299	4065810.3202159926
361020.56506449095	4065810.004501692
361020.6467364372	4065809.707474065
361020.7182571035	4065809.3643030436
361020.8143819102	4065809.0716340207
361020.92578725395	4065808.7813038793
361021.1000261439	4065808.4683504477
361021.27705648524	4065808.129591463
361021.45565893705	4065807.830939042
361021.61499637115	4065807.571466093
361021.8195428146	4065807.3063738886
361022.02769403695	4065807.064315957
361022.23859313317	4065806.850047659
361022.5470901342	4065806.5751840468
361022.78902841825	4065806.3638105257
361023.12018203654	4065806.144874692
361023.4717627914	4065805.9123057714
361023.7515862507	4065805.762682147
361024.15930967766	4065805.5674096835
361024.44819911267	4065805.457869119
361024.84815797047	4065805.3379223538
361025.24147746776	4065805.2515934687
361025.6070736808	4065805.2123624603
361025.99183495186	4065805.1814549607
361026.34240465827	4065805.1542907525
361026.7384396779	4065805.1810473623
361027.0961872548	4065805.2085254677
361027.45236288256	4065805.2604415985
361027.79502199986	4065805.3108373536
361028.1328469425	4065805.3869040143
361028.5316638794	4065805.5037521785
361028.9045228423	4065805.6324696736
361029.1898415133	4065805.7565427283
361029.552120141	4065805.9509076774
361029.8394477698	4065806.111920791
361030.1508585111	4065806.3316970146
361030.4760107177	4065806.599072791
361030.8066512409	4065806.90538421
361031.02440002136	4065807.112687836
361031.2399860374	4065807.383911323
361031.5760299588	4065807.5909388815
361031.9145778055	4065807.861145202
361032.25554536685	4065808.119843888
361032.60858881794	4065808.363457695
361032.9715463614	4065808.544040904
361033.36943775316	4065808.7233204246
361033.7604952258	4065808.832358083
361034.05441090825	4065808.904801276
361034.47934833675	4065808.961192196
361034.79226463876	4065808.978302069
361035.2152733999	4065808.960332523
361035.53037154244	4065808.943690644
361035.9612769049	4065808.873431807
361036.2834985043	4065808.81238096
361036.5929755579	4065808.7189087234
361036.9673128703	4065808.5507249245
361037.34767300804	4065808.3390204944
361037.68812718004	4065808.087065298
361037.9079880282	4065807.8800866893
361038.1231776648	4065807.647557208
361038.3149070473	4065807.399315342
361038.48555450165	4065807.135564437
361038.6563925588	4065806.8491697893
361038.7963945064	4065806.571587278
361038.9281564615	4065806.2873876602
361039.0428680471	4065806.0090320664
361039.1421121749	4065805.715712345
361039.2249758109	4065805.396098267
361039.28630906	4065805.091892968
361039.30899911583	4065804.7580576227
361039.38247658114	4065804.4134184546
361039.4113932421	4065804.0881908676
361039.42297627433	4065803.7622486204
361039.4169092715	4065803.439145536
361039.4141151226	4065803.1166637517
361039.3895151986	4065802.81052388
361039.3741672389	4065802.4718859675
361039.35131273064	4065802.148535208
361039.3197127487	4065801.8129351186
361039.28673717525	4065801.4726722096
361039.24638725433	4065801.1483111973
361039.1965094793	4065800.827310855
361039.13785492984	4065800.507657465
361039.05785771715	4065800.2130782963
361038.96350929415	4065799.9038973674
361038.8541291369	4065799.614030936
361038.727186089	4065799.324037658
361038.57574474823	4065799.038164451
361038.39322707296	4065798.721831678
361038.2022062259	4065798.452954436
361037.98203360743	4065798.178269776
361037.7583989927	4065797.909311446
361037.521888615	4065797.646827864
361037.27172596543	4065797.4000362726
361037.019565126	4065797.1812445633
361036.7451073212	4065796.986338578
361036.45609726256	4065796.791289494
361036.17202057916	4065796.6423694477
361035.86569086206	4065796.4808925297
361035.56203777593	4065796.3464467763
361035.2637982678	4065796.256703211
361034.79905300017	4065796.166828119
361034.3522196291	4065796.1313415086
361034.0514446309	4065796.1153367963
361033.73035575263	4065796.109495427
361033.4211752661	4065796.136712556
361033.0823490069	4065796.152434691
361032.7157125261	4065796.1814982346
361032.32242760353	4065796.2212320794
361031.93896213896	4065796.259996778
361031.5463947388	4065796.2885687877
361031.14490564616	4065796.3180421004
361030.75189269247	4065796.324682063
361030.3768251542	4065796.3307759566
361029.99194517796	4065796.314556183
361029.6159042688	4065796.2865460417
361029.25947121676	4065796.282348691
361028.86618281325	4065796.2665448566
361028.44628412224	4065796.262270316
361028.026565681	4065796.269089788
361027.5974335165	4065796.286945205
361027.1597052786	4065796.3051710017
361026.74049678445	4065796.323062429
361026.312511962	4065796.330230245
361025.9019039567	4065796.3479987164
361025.50885073957	4065796.3652490596
361025.1163134675	4065796.3716054307
361024.74098061054	4065796.366861481
361024.3647399892	4065796.3615699634
361024.0174558074	4065796.3675205223
361023.67943083716	4065796.3615749516
361023.3124136615	4065796.345377658
361022.9265508377	4065796.329481983
361022.5425531107	4065796.3357213214
361022.1590771444	4065796.3422314706
361021.75721905794	4065796.3487610472
361021.35490712104	4065796.332849656
361020.9710027202	4065796.339342068
361020.6055583004	4065796.3560976787
361020.2299780652	4065796.3624796197
361019.88170105533	4065796.368138663
361019.56265380024	4065796.3951368565
361019.24455708056	4065796.400205115
361018.85527117836	4065796.418107647
361018.49806398863	4065796.423911852
361018.1674670758	4065796.4181867633
361017.8433269964	4065796.4227279965
361017.422439884	4065796.4076186493
361017.0061831751	4065796.4148625936
361016.56478209165	4065796.399360928
361016.1663857391	4065796.406314697
361015.77327755885	4065796.4016054557
361015.3838792465	4065796.3962096362
361015.03207263345	4065796.413649465
361014.642674318	4065796.4082536786
361014.2495661342	4065796.403544507
361013.8492863404	4065796.3990980196
361013.4640853939	4065796.4052914972
361013.03117153124	4065796.412872124
361012.60252289503	4065796.4198374636
361012.1702322447	4065796.4152849037
361011.742128713	4065796.4111991217
361011.32496634586	4065796.4073065245
361011.01222977217	4065796.401291486
361010.69056301727	4065796.395421572
361010.38008540496	4065796.400087012
361010.04740978207	4065796.394775774
361009.7259233031	4065796.3999998895
361009.40443682193	4065796.405224017
361009.0829503411	4065796.4104481554
361008.77021376236	4065796.4044331987
361008.4576574615	4065796.409512246
361008.14510115917	4065796.414591305
361007.84147503815	4065796.4195252587
361007.51998855674	4065796.4247494573
361007.21618215623	4065796.4185894425
361006.8834941877	4065796.412519008
361006.5819590896	4065796.4177987864
361006.2692225047	4065796.411783922
361005.935889195	4065796.4056782043
361005.6142224274	4065796.3998084804
361005.29320100276	4065796.393974091
361004.9715342349	4065796.3881043936
361004.64151511755	4065796.3824092345
361004.32118125603	4065796.36576194
361003.98183440836	4065796.3712765113
361003.65141774004	4065796.376645975
361003.3230797565	4065796.381601912
361002.9727240422	4065796.387675184
361002.6601677362	4065796.3927544444
361002.24955972907	4065796.4105240526
361001.86556197953	4065796.4167643194
361001.5188379637	4065796.4326451146
361001.2049089296	4065796.438597415
361000.87449225946	4065796.443966986
361000.5171047629	4065796.4386779517
361000.12770640984	4065796.4332828247
360999.7267856419	4065796.439878517
360999.2843793066	4065796.43651718
360998.95396263467	4065796.4418868255
360998.5974483972	4065796.458498251
360998.24443927227	4065796.451914407
360997.93592208286	4065796.4584312188
360997.62437791296	4065796.440449688
360997.2345441716	4065796.4359927634
360996.7632562609	4065796.4327211594
360996.3985078398	4065796.4276524116
360996.01472626603	4065796.4339357833
360995.5997802806	4065796.42926928
360995.2734662774	4065796.424021468
360994.87160815846	4065796.430552309
360994.4489730171	4065796.4258983387
360994.1302228853	4065796.4315041387
360993.74570336664	4065796.437473978
360993.32716349023	4065796.444341321
360992.87999761855	4065796.451822537
360992.36588109116	4065796.4373999634
360991.8435557844	4065796.435375943
360991.27166363003	4065796.422476498
360990.9645887416	4065796.404821614
360990.3899449614	4065796.403402243
360989.8092953142	4065796.412831888
360989.2728908562	4065796.4104361706
360988.73649142374	4065796.3969504586
360988.21800003404	4065796.3720864085
360987.73508346104	4065796.3688155636
360987.28700003895	4065796.3762671524
360986.8675795481	4065796.3828508854
360986.5020174283	4065796.410939706
360986.1353673378	4065796.417178005
360985.83482434327	4065796.4438309087
360985.5284756635	4065796.449235472
360985.1534080736	4065796.455331349
360984.80466099776	4065796.437794764
360984.42764041986	4065796.432615638
360984.0901756409	4065796.4393211147
360983.7418985911	4065796.4449816304
360983.41148190614	4065796.4503518767
360983.07213503367	4065796.455867277
360982.69258279615	4065796.4725870746
360982.3843308022	4065796.4559492697
360981.9555018118	4065796.451822154
360981.6400288057	4065796.4454270937
360981.3190073245	4065796.4395936043
360980.97057857644	4065796.4222219065
360980.6234815422	4065796.417707881
360980.23971579754	4065796.4121168456
360979.84662360663	4065796.4081653226
360979.43604630086	4065796.403763284
360979.02495997143	4065796.410677774
360978.605061151	4065796.406405678
360978.17688899615	4065796.4020541273
360977.7654438223	4065796.408955544
360977.3546554971	4065796.415632355
360976.93475667114	4065796.411360341
360976.5328985277	4065796.4178920435
360976.12180703756	4065796.44655374
360975.72043237445	4065796.442194646
360975.30964404746	4065796.4488715553
360974.9077859024	4065796.455403334
360974.4969975743	4065796.462080282
360974.07727906725	4065796.468902402
360973.675115345	4065796.47520629
360973.25552208774	4065796.4711624063
360972.84473375854	4065796.4778394336
360972.44287561066	4065796.484371328
360972.02315710083	4065796.4911935483
360971.6123687707	4065796.4978706352
360971.2015804416	4065796.5045477427
360970.79090978927	4065796.499893116
360970.388753635	4065796.506662866
360969.97790265473	4065796.490914287
360969.61173260206	4065796.5079415403
360969.2095157465	4065796.5033824937
360968.852401825	4065796.509441775
360968.49519457883	4065796.515248068
360968.1361134817	4065796.4985500267
360967.78725858295	4065796.5041817864
360967.47887194675	4065796.509194554
360967.134994693	4065796.4925903785
360966.7086173502	4065796.510997784
360966.2761462473	4065796.495353549
360965.8903898837	4065796.501477885
360965.5475134583	4065796.518774591
360965.20816657075	4065796.5242907014
360964.8866800472	4065796.5295165023
360964.5651935207	4065796.534742315
360964.25245684205	4065796.528728985
360963.8684590461	4065796.5349709583
360963.5646525462	4065796.5288124913
360963.21619514073	4065796.5233798507
360962.8498773692	4065796.5182375503
360962.456769053	4065796.5135307563
360962.0459807122	4065796.5202083043
360961.62179888383	4065796.5154606644
360961.2240433502	4065796.51137547
360960.79539464327	4065796.5183434067
360960.3694684669	4065796.5248415396
360960.0562682664	4065796.529978631
360959.7237728752	4065796.5357633433
360959.4235490405	4065796.5725835674
360959.07339347334	4065796.579318727
360958.7256574242	4065796.6182622393
360958.38888206973	4065796.6879181676
360958.0423535879	4065796.7803129726
360957.6957836923	4065796.8944371063
360957.3986425522	4065797.034794021
360957.0998427703	4065797.2001640294
360956.8277443646	4065797.3751608147
360956.56683018646	4065797.5651821294
360956.20044350275	4065797.8452999624
360955.8839897552	4065798.1420998666
360955.6756696017	4065798.3781286124
360955.4608889888	4065798.631602155
360955.24214318517	4065798.9125812654
360955.07321228617	4065799.194366411
360954.89072827	4065799.508046823
360954.7334692445	4065799.8408501022
360954.60112769564	4065800.1741558737
360954.4852580393	4065800.555009071
360954.42364671116	4065800.939945423
360954.3778858504	4065801.3554729926
360954.35879942717	4065801.7522407616
360954.3476555138	4065802.155859183
360954.3535114517	4065802.5259104744
360954.36818665103	4065802.8803538987
360954.39199850406	4065803.2461653315
360954.42434912786	4065803.589172228
360954.429911986	4065803.918933077
360954.4438919191	4065804.2294197157
360954.4396860796	4065804.5389945805
360954.4447664213	4065804.8489219183
360954.4493896341	4065805.25021227
360954.4492965441	4065805.6608351963
360954.4460810537	4065806.038764758
360954.4429785169	4065806.371141111
360954.4398195038	4065806.726294069
360954.42848698754	4065807.14695404
360954.4268013498	4065807.5901544704
360954.4252654803	4065808.0451533706
360954.42117414926	4065808.345540834
360954.4194579352	4065808.7894457416
360954.4088115537	4065809.233495821
360954.3981651746	4065809.677545898
360954.3766593755	4065809.9983918127
360954.3821603402	4065810.3226351584
360954.3790013413	4065810.6777881184
360954.3849528597	4065811.0438899
360954.40019524354	4065811.4320344953
360954.406271078	4065811.8167997506
360954.4265659903	4065812.2083236873
360954.4462830889	4065812.6186562725
360954.46188616846	4065813.028988855
360954.4683454388	4065813.4351465465
360954.47126432066	4065813.8166623875
360954.4808228231	4065814.193858164
360954.47814884665	4065814.589862584
360954.4722846188	4065814.967348707
360954.4542046046	4065815.3532945146
360954.4515175887	4065815.700459918
360954.438776123	4065816.05265162
360954.435799811	4065816.3695874354
